P 14 14 0 68 0
P 11.5915199245 24.6913849012 1 100 5
P 23.522535506 19.4247400783 2 100 5
P 17.573578388 22.0955562531 0 1 3
P 14.9167929906 16.0768955994 0 66 4
P 18.0428871213 23.1587245506 0 3 4
P 15.3896508968 17.148104165 0 14 3
P 16.7371198531 20.2006496951 0 9 2
P 2.26941740418 15.5653490346 0 17 1
P 23.0611594301 6.38736081116 0 17 1
P 20.079846205 9.55811443072 0 23 1
P 6.62114355793 15.499118039 0 23 1
P 10.4974778524 3.38118605316 0 63 4
P 8.5141681944 4.25666789888 0 63 4
P 21.0666840758 6.62005225093 0 62 2
P 3.7853090415 14.2484778226 0 62 2
P 19.9230477297 5.32754534929 0 17 4
P 3.60093809444 12.5325274921 0 17 4
P 21.8955109379 13.5469596062 0 80 4
P 8.34493109455 19.5285200771 0 80 4
P 6.25226701647 8.09044376726 0 88 1
P 14.8543245472 4.2932832111 0 88 1
P 24.1816074012 10.2473919039 0 90 2
P 4.36649380087 18.9942722299 0 90 2
P 17.3075312915 16.0353557478 0 29 1
P 13.275119835 17.8153617142 0 29 1
P 9.58079755966 15.0606598405 0 61 3
P 17.7615404819 11.4494779537 0 61 3
