P 14 14 0 21 2
P 16.2508719352 21.5101169102 1 100 5
P 11.7491280648 6.48988308983 2 100 5
P 5.51035984833 17.4455571881 0 63 3
P 22.4896401517 10.5544428119 0 63 3
P 9.37513156123 7.91128240432 0 36 3
P 18.6248684388 20.0887175957 0 36 3
P 7.47754665709 24.034472025 0 6 1
P 20.5224533429 3.96552797499 0 6 1
P 12.3753833147 10.7561721082 0 26 4
P 15.6246166853 17.2438278918 0 26 4
P 14.9580191516 10.678952832 0 16 5
P 13.0419808484 17.321047168 0 16 5
P 9.47491271016 4.25879325395 0 15 4
P 18.5250872898 23.7412067461 0 15 4
P 7.39148774878 6.83367951651 0 85 5
P 20.6085122512 21.1663204835 0 85 5
P 21.2169295202 22.4453702216 0 7 2
P 6.78307047981 5.55462977845 0 7 2
P 8.15991487083 5.59029894105 0 68 2
P 19.8400851292 22.4097010589 0 68 2
P 9.52570873166 6.24175744243 0 20 5
P 18.4742912683 21.7582425576 0 20 5
P 22.388669406 17.2379484696 0 37 4
P 5.61133059403 10.7620515304 0 37 4
