P 14 14 0 44 5
P 21.4703883372 12.0469943954 1 100 5
P 19.2514239356 8.33930397833 2 100 5
P 5.87333765005 18.8636138487 0 50 2
P 10.6456992983 16.0074690744 0 93 1
P 4.15123241823 19.8942528114 0 63 2
P 7.24686259735 18.0415918835 0 82 5
P 15.4101344673 10.6396469744 0 6 5
P 17.6278450108 14.3452423069 0 6 5
P 21.2403866968 21.9476603775 0 13 1
P 10.4173209925 3.8632886928 0 13 1
P 14.677693557 7.76305518942 0 4 4
P 19.8168458989 16.3501176387 0 4 4
P 10.873577899 19.9778211034 0 37 1
P 7.25433364563 13.9303886953 0 37 1
P 21.8942804448 6.40506622796 0 31 4
P 24.4239465152 10.6319112556 0 31 4
P 8.98675269524 14.9853849495 0 38 4
P 10.7624962208 17.9524930508 0 38 4
P 10.6672695524 5.11723863043 0 30 3
P 20.2534034033 21.1348081727 0 30 3
P 14.3863774339 10.7725623525 0 59 2
P 17.0269148789 15.184663499 0 59 2
P 21.2930033725 5.06486156558 0 34 5
P 25.3209199188 11.7951487068 0 34 5
P 17.2694542613 21.7732426527 0 92 3
P 8.69450826205 7.44527728105 0 92 3
P 9.34550519339 3.354468908 0 34 3
P 21.1823039342 23.1326975387 0 34 3
