P 14 14 0 60 1
P 16.4218194546 25.3846931892 1 100 5
P 10.7386893956 25.1731956765 2 100 5
P 14.3337402392 5.03209697135 0 100 5
P 22.613370607 9.26383656483 0 11 1
P 5.76247945871 8.63673116194 0 11 1
P 6.54769475597 13.0824573921 0 78 2
P 21.4998897828 13.6389028764 0 78 2
P 18.4308714008 22.3305024513 0 91 2
P 8.96220347635 21.9781262617 0 91 2
P 13.2169952772 6.75885093741 0 1 5
P 15.3190517568 6.83707890553 0 1 5
P 17.664734448 24.339212621 0 22 4
P 9.57691983484 24.0382248455 0 22 4
P 15.2724236404 24.2272254374 0 100 2
P 11.9709369978 24.1043607122 0 100 2
P 16.0035119917 11.2815566913 0 87 1
P 12.2040836122 11.1401610794 0 87 1
P 18.4002273855 12.1786483181 0 91 2
P 9.7473195887 11.856630617 0 91 2
P 24.8422074763 11.9525600779 0 38 1
P 3.33996297174 11.152354701 0 38 1
