P 14 14 0 30 0
P 21.70510034 20.1123672392 1 100 5
P 6.29489965999 7.88763276084 2 100 5
P 17.3466589318 19.6056188704 0 18 1
P 10.6533410682 8.39438112959 0 18 1
P 3.52519711774 11.1807131013 0 84 2
P 24.4748028823 16.8192868987 0 84 2
P 9.26804864646 9.19876463235 0 5 3
P 18.7319513535 18.8012353676 0 5 3
P 19.6449376452 9.88957240064 0 54 5
P 8.35506235479 18.1104275994 0 54 5
P 3.4368612689 10.0904691422 0 38 2
P 24.5631387311 17.9095308578 0 38 2
P 21.0782004441 4.92197830629 0 61 2
P 6.92179955587 23.0780216937 0 61 2
