P 14 14 0 22 1
P 22.4581238685 15.501245307 1 100 5
P 6.8736804411 18.7967870905 2 100 5
P 15.2980761985 20.1385339372 0 7 3
P 16.2235718393 24.5151540516 0 36 1
P 12.9206720159 23.760689705 0 36 5
P 18.93829901 22.4881809184 0 36 5
P 6.07567627046 17.4117605236 0 39 3
P 22.6271215011 13.9117331027 0 39 3
P 2.4929568785 10.9053832542 0 11 5
P 23.2691980784 6.5119654657 0 11 5
P 7.8713903567 7.70973293607 0 19 2
P 17.0575109605 5.76720323207 0 19 2
P 11.3522396396 12.5821223213 0 96 5
P 15.8471052932 11.6316220585 0 96 5
P 17.25371945 22.0463679882 0 58 4
P 14.2821852832 22.6747391619 0 58 4
P 5.27927291901 19.0623718778 0 43 2
P 24.023556354 15.0986390984 0 43 2
