P 14 14 0 22 0
P 10.7915600428 12.3335344961 1 100 5
P 17.2084399572 15.6664655039 2 100 5
P 10.8591007985 20.0471617779 0 21 1
P 17.1408992015 7.95283822211 0 21 1
P 8.49880224143 24.5914359819 0 48 4
P 19.5011977586 3.40856401806 0 48 4
P 12.8848137692 17.2935405615 0 42 1
P 15.1151862308 10.7064594385 0 42 1
P 12.3691454641 22.0748929148 0 60 5
P 15.6308545359 5.92510708525 0 60 5
P 2.92186313592 13.2791521745 0 20 2
P 25.0781368641 14.7208478255 0 20 2
P 13.6899014871 24.6311339119 0 6 2
P 14.3100985129 3.36886608809 0 6 2
P 21.5802228307 9.15946831082 0 43 5
P 6.41977716929 18.8405316892 0 43 5
P 3.46255589365 9.22286978348 0 76 2
P 24.5374441063 18.7771302165 0 76 2
P 10.9504990903 4.95372655888 0 19 5
P 17.0495009097 23.0462734411 0 19 5
P 23.5305749072 15.4433702767 0 31 1
P 4.46942509279 12.5566297233 0 31 1
P 6.84561249114 22.0721558577 0 24 2
P 21.1543875089 5.92784414227 0 24 2
P 18.5900217929 22.4742683149 0 14 2
P 9.40997820706 5.52573168511 0 14 2
P 24.6791982109 16.502831497 0 43 5
P 3.32080178911 11.497168503 0 43 5
