P 14 14 0 68 4
P 23.6564285812 18.3176657558 1 100 5
P 3.83224670361 16.9164436265 2 100 5
P 13.309001544 23.7760938711 0 6 4
P 13.6434121358 19.0449265168 0 80 3
P 19.8647492787 12.3034305443 0 6 4
P 8.43220328965 11.4953499621 0 6 4
P 4.26347512276 18.7212982489 0 34 5
P 22.9756127844 20.0439183469 0 34 5
P 23.9377133965 14.1477268019 0 22 1
P 4.1403112616 12.748397531 0 22 1
P 22.1546967067 16.5100668581 0 28 1
P 5.57330865055 15.3380534039 0 28 1
P 7.64620244487 14.7816730789 0 12 2
P 20.1806740242 15.6676404829 0 12 2
