P 14 14 0 20 3
P 6.46733156756 6.58547528877 1 100 5
P 16.8046006823 24.1907058352 2 100 5
P 17.1423439301 12.1549088624 0 55 3
P 19.9091108289 10.530345416 0 44 2
P 21.247131533 9.74469935119 0 36 5
P 22.1350872624 9.22331808824 0 46 4
P 23.0836678948 8.66633968073 0 5 5
P 10.2232604541 12.8595664403 0 30 4
P 13.1557068095 17.8537668988 0 30 4
P 19.0431311181 20.8704200957 0 8 5
P 10.4575344215 6.24843361696 0 8 5
P 20.4665089757 17.1913755694 0 77 1
P 14.3638505981 6.79803991269 0 77 1
P 4.80253680176 20.210380959 0 21 2
P 4.09527591518 19.0058567441 0 21 2
P 3.92048103231 16.7852663256 0 98 3
P 6.6565344844 21.4449933073 0 98 3
P 22.687195233 17.0886800355 0 68 1
P 15.5355477534 4.9088285422 0 68 1
P 7.78511885777 10.5963303053 0 84 2
P 13.9441428053 21.0856612237 0 84 2
P 19.9513956413 12.2146889089 0 19 4
P 18.4588344301 9.67273281434 0 19 4
P 18.6930532681 12.3980228492 0 75 4
P 17.6856150673 10.6822716589 0 75 4
P 14.415851684 8.55965159912 0 52 5
P 18.9534911109 16.2876295942 0 52 5
P 8.97604395142 8.60148456102 0 24 4
P 16.2664446429 21.0176443344 0 24 4
