P 14 14 0 10 1
P 19.8085976938 17.6602485082 1 100 5
P 8.40209267418 10.0249956124 2 100 5
P 10.2210238318 19.6455118409 0 39 1
P 8.83026567517 21.7232020119 0 1 2
P 7.39792523911 23.8630130432 0 36 2
P 8.16282661641 22.7203067677 0 1 3
P 11.582473191 17.6116068529 0 39 4
P 12.1296591663 4.88921476403 0 14 4
P 23.1359163663 12.2565509476 0 14 4
P 7.39109062145 15.6492457677 0 87 3
P 14.9942570133 20.738631001 0 87 3
P 5.94323568544 9.25595416646 0 4 4
P 21.4567860955 19.6403690674 0 4 4
P 20.5568151551 20.4987226274 0 21 5
P 5.49270396499 10.4151520342 0 21 5
P 7.78050962014 5.27145142106 0 79 1
P 24.4402246781 16.4230826544 0 79 1
P 18.4127161733 13.1452696596 0 73 3
P 13.1082891867 9.59460787147 0 73 3
