P 14 14 0 87 3
P 5.18761671491 7.94987329372 1 100 5
P 21.7967466261 21.3125149145 2 100 5
P 12.7143463668 15.5980065036 0 65 3
P 9.60647430441 19.4609441095 0 30 4
P 8.29845096099 21.0867551021 0 19 1
P 11.6600569239 16.9084382893 0 92 2
P 7.5095806131 22.0672835383 0 83 4
P 10.4266156654 2.59699659223 0 81 3
P 25.9036751674 15.0488469043 0 81 3
P 24.3370456967 11.8157283057 0 4 3
P 13.920199952 3.43500172637 0 4 3
P 21.9332675353 7.12765480651 0 88 2
P 19.0142473086 4.7791981817 0 88 2
P 13.244495617 2.62721082897 0 74 2
P 25.2707856572 12.3027931559 0 74 2
P 6.95622207582 18.0604560582 0 52 4
P 11.5419629934 21.7498493482 0 52 4
P 21.0371661195 12.2511578926 0 73 3
P 14.2014533093 6.75158139494 0 73 3
P 4.5527153583 19.194522011 0 90 4
P 10.9488487895 24.3404411083 0 90 4
