P 14 14 0 93 0
P 16.0450508504 7.38109603134 1 100 5
P 11.9549491496 20.6189039687 2 100 5
P 4.38758607999 11.0300407205 0 65 4
P 23.61241392 16.9699592795 0 65 4
P 20.0219914007 15.7459417279 0 51 5
P 7.97800859928 12.2540582721 0 51 5
P 14.2154240427 4.09339941018 0 31 2
P 13.7845759573 23.9066005898 0 31 2
P 7.44927973398 16.4833390477 0 53 2
P 20.550720266 11.5166609523 0 53 2
P 8.05837872669 14.1862183494 0 57 3
P 19.9416212733 13.8137816506 0 57 3
P 4.9881398143 21.0299494712 0 83 2
P 23.0118601857 6.97005052883 0 83 2
P 19.4311563498 5.1217335893 0 45 4
P 8.56884365025 22.8782664107 0 45 4
