P 14 14 0 52 2
P 5.28280850281 22.0056791139 1 100 5
P 22.7171914972 5.99432088606 2 100 5
P 11.0810309773 8.03864238973 0 96 5
P 16.9189690227 19.9613576103 0 96 5
P 14.7508970603 24.6106008797 0 78 4
P 13.2491029397 3.38939912027 0 78 4
P 23.5156426934 12.9430202073 0 79 1
P 4.48435730658 15.0569797927 0 79 1
P 9.69669048893 19.3961915211 0 9 1
P 18.3033095111 8.60380847892 0 9 1
P 14.3106668059 22.2444454392 0 4 4
P 13.6893331941 5.75555456077 0 4 4
P 12.9555186465 21.2825563053 0 1 4
P 15.0444813535 6.71744369474 0 1 4
P 2.8460798477 15.0434268636 0 59 4
P 25.1539201523 12.9565731364 0 59 4
