P 14 14 0 47 1
P 12.1108833254 3.63630731241 1 100 5
P 15.8891166746 24.3636926876 2 100 5
P 12.0028887481 20.4457046241 0 97 3
P 15.9971112519 7.55429537587 0 97 3
P 16.6879767601 23.2032469267 0 30 2
P 11.3120232399 4.79675307326 0 30 2
P 5.60250244715 10.1462215393 0 78 1
P 22.3974975529 17.8537784607 0 78 1
P 4.61287080838 7.40165072399 0 34 4
P 23.3871291916 20.598349276 0 34 4
P 8.25761140269 8.67435070536 0 16 3
P 19.7423885973 19.3256492946 0 16 3
P 20.3754503111 4.39614897967 0 72 2
P 7.62454968895 23.6038510203 0 72 2
P 18.7490189672 10.4328433537 0 21 3
P 9.25098103282 17.5671566463 0 21 3
P 23.9856671773 17.5981946649 0 47 5
P 4.01433282272 10.4018053351 0 47 5
P 17.6284700406 3.02331813904 0 65 2
P 10.3715299594 24.976681861 0 65 2
P 11.1026728069 18.1148141216 0 49 5
P 16.8973271931 9.88518587837 0 49 5
