P 14 14 0 11 4
P 19.4998900774 5.82097454779 1 100 5
P 9.2037755244 5.38945536036 2 100 5
P 14.2009060272 9.20635111806 0 10 5
P 14.3570237353 5.48135845673 0 63 3
P 14.286675016 7.15988977973 0 17 2
P 14.4532084081 3.1863772866 0 35 1
P 24.3359372593 11.2714535552 0 11 3
P 3.9286201808 10.4161650055 0 11 3
P 9.30546240303 15.7502682233 0 18 2
P 18.5316210987 16.1369446228 0 18 2
P 5.57134714097 19.0242648009 0 96 5
P 21.9786903215 19.7119109378 0 96 5
P 10.9456474929 17.2276657966 0 97 5
P 16.7735670342 17.4719190138 0 97 5
P 24.178405376 14.4544446751 0 78 3
P 3.81926354657 13.6011751923 0 78 3
P 16.2323986316 20.973529492 0 100 1
P 11.1919216058 20.7622786809 0 100 1
P 2.77313079561 14.9871727799 0 69 2
P 25.1048964227 15.9231166554 0 69 2
P 11.70155532 2.84004743386 0 22 3
P 17.2241908433 3.07150593029 0 22 3
