P 14 14 0 5 0
P 20.317451218 8.1451974488 1 100 5
P 17.6271181435 6.18764332748 2 100 5
P 11.6417987137 17.2409560726 0 40 4
P 12.4598252468 16.1167144417 0 1 3
P 7.34954170157 23.1399505772 0 92 1
P 7.82549565985 12.0659401967 0 15 4
P 17.7399516768 19.2799481649 0 15 4
P 9.93379863739 5.7488843278 0 98 2
P 23.1019273508 15.3303465182 0 98 2
P 16.845838513 5.14246046092 0 40 5
P 21.5523116217 8.56700886279 0 40 5
P 23.3154596911 11.452681012 0 64 2
P 13.5576739307 4.35267026941 0 64 2
P 6.80682323528 12.3110741804 0 2 5
P 17.82012279 20.3246283893 0 2 5
P 18.5709185071 3.5286218824 0 77 2
P 22.5571136625 6.42907789983 0 77 2
