P 14 14 0 67 2
P 11.6016197182 23.9471052706 1 100 5
P 24.2060776677 13.2698562592 2 100 5
P 20.8661169357 22.1054288515 0 14 3
P 18.885858486 19.7677401518 0 74 2
P 21.6843485066 23.0713485764 0 14 5
P 12.8397797504 3.28317410869 0 44 2
P 3.61981536169 11.0934152194 0 44 2
P 16.027271915 10.7761043935 0 71 4
P 10.4866428795 15.4695768244 0 71 4
P 19.2055654189 24.0274912442 0 71 2
P 23.0350607368 20.7835219073 0 71 2
P 7.88935777695 24.1411298614 0 19 1
P 25.0078646889 9.64002543187 0 19 1
P 20.8273695002 10.7460083997 0 96 5
P 9.66768154502 20.1993912952 0 96 5
P 8.20125593082 22.4065187799 0 50 5
P 23.2455784351 9.66245804907 0 50 5
P 19.8899443645 17.1638684162 0 69 1
P 16.1523274484 20.3300074665 0 69 1
