P 14 14 0 13 3
P 18.4722541802 17.4185727326 1 100 5
P 9.52774581984 10.5814272674 2 100 5
P 7.74611988533 22.1814674348 0 54 1
P 20.2538801147 5.81853256523 0 54 1
P 9.3389887327 20.0976403764 0 3 3
P 18.6610112673 7.90235962359 0 3 3
P 11.2534366322 21.2068039313 0 1 5
P 16.7465633678 6.79319606866 0 1 5
P 22.0806254397 7.95319370071 0 44 4
P 5.91937456034 20.0468062993 0 44 4
P 11.8988866424 9.65483317938 0 74 2
P 16.1011133576 18.3451668206 0 74 2
P 22.1042976529 10.8274951307 0 58 4
P 5.89570234706 17.1725048693 0 58 4
P 10.1890345844 18.5355880031 0 99 2
P 17.8109654156 9.46441199688 0 99 2
