P 14 14 0 23 1
P 22.1145737575 7.04837124642 1 100 5
P 13.3223918192 3.33640319845 2 100 5
P 11.6714386125 19.5154395481 0 5 5
P 10.5399490677 22.1954900795 0 7 3
P 10.1202949389 23.1894844792 0 95 4
P 12.2885201364 18.0538178534 0 99 1
P 13.4880003802 21.1407438804 0 17 1
P 9.23973223799 19.3471691211 0 17 1
P 14.3295565375 17.0604957689 0 90 1
P 11.5768737308 15.8983416306 0 90 1
P 8.775687324 14.9315330499 0 83 4
P 16.9760749092 18.3936516583 0 83 4
P 7.41803711306 13.6160205784 0 1 1
P 18.8657076016 18.4491083575 0 1 1
P 23.1373730204 10.0349663266 0 31 5
P 10.4687298841 4.68639655595 0 31 5
P 22.6839737763 21.0126093087 0 17 1
P 2.91790855147 12.6675815256 0 17 1
P 4.13286953045 14.7681108125 0 98 1
P 20.3312823629 21.6069127486 0 98 1
P 11.7202731301 5.70216025253 0 91 4
P 21.5365562702 9.84649320898 0 91 4
P 9.74718788268 17.7397360252 0 52 2
P 14.2860340862 19.6559898289 0 52 2
P 8.59736900747 22.7476275829 0 70 2
P 11.4990993941 23.972708064 0 70 2
P 5.24863845404 15.3278745714 0 32 1
P 19.1519489453 21.197708097 0 32 1
