P 14 14 0 100 1
P 6.5388827093 10.5135422834 1 100 5
P 12.7191594381 5.86469999997 2 100 5
P 14.215894654 7.3539984585 0 25 1
P 7.55474893524 12.3645533627 0 25 1
P 6.64213441212 5.48389449511 0 36 5
P 7.85811334072 4.56922764328 0 36 5
P 18.7470589346 24.3641234806 0 61 3
P 22.6413892331 21.4347842047 0 61 3
P 19.3716461859 15.8651681007 0 85 5
P 14.302519295 19.678196621 0 85 5
P 17.4029092007 15.6165815252 0 3 4
P 14.6095934747 17.7177308471 0 3 4
P 19.0594442247 23.3243221068 0 65 2
P 21.5557410228 21.4465922548 0 65 2
P 13.2090030691 23.4820244426 0 68 1
P 23.3295328396 15.8692995126 0 68 1
P 11.5238288319 8.54255522948 0 94 5
P 9.44318281533 10.1076299993 0 94 5
P 25.2175198454 16.3165532954 0 28 3
P 13.1151967954 25.4199953564 0 28 3
P 7.55163084501 10.50951895 0 100 1
P 12.4344681164 6.83661863078 0 100 1
P 10.0430539717 19.1053894386 0 24 2
P 20.00241167 11.6138991357 0 24 2
