P 14 14 0 40 5
P 6.7382213258 9.76943605431 1 100 5
P 21.2617786742 18.2305639457 2 100 5
P 8.19901346753 23.9574148581 0 44 2
P 19.8009865325 4.04258514193 0 44 2
P 11.4851002937 21.6818528404 0 59 1
P 16.5148997063 6.31814715959 0 59 1
P 10.9992465564 4.29090875493 0 56 4
P 17.0007534436 23.7090912451 0 56 4
P 10.3355767867 11.2384853893 0 61 5
P 17.6644232133 16.7615146107 0 61 5
P 8.96566572744 13.781425182 0 72 2
P 19.0343342726 14.218574818 0 72 2
P 10.7182003562 6.09995820817 0 25 5
P 17.2817996438 21.9000417918 0 25 5
P 20.2278977092 7.39471017365 0 26 1
P 7.77210229078 20.6052898264 0 26 1
P 6.88251275908 23.1668718457 0 19 2
P 21.1174872409 4.83312815425 0 19 2
P 8.61962396251 19.114651818 0 12 2
P 19.3803760375 8.88534818199 0 12 2
P 4.26378113491 20.8279924795 0 46 3
P 23.7362188651 7.17200752049 0 46 3
P 9.83959668757 16.1482488939 0 51 5
P 18.1604033124 11.8517511061 0 51 5
