P 14 14 0 27 1
P 5.5400979069 7.90511312893 1 100 5
P 23.5513369983 18.1820510446 2 100 5
P 15.8696166694 10.7233320744 0 68 3
P 19.7106940979 3.99150548361 0 53 2
P 18.6540402409 5.84338445877 0 14 3
P 9.55860216906 8.36229329543 0 27 2
P 21.1131860922 14.9551623933 0 27 2
P 8.75713468033 3.65293543803 0 3 3
P 25.5752101301 13.2490724046 0 3 3
P 16.8804418728 5.30826422944 0 49 2
P 20.0171070258 7.09799745526 0 49 2
P 16.8632331075 2.50873476072 0 77 3
P 22.4359540849 5.68844423074 0 77 3
P 20.5685267247 5.60772735706 0 94 2
P 17.8828469571 4.07531950371 0 94 2
P 21.5745426196 6.27808036206 0 88 1
P 16.7938964647 3.5503166873 0 88 1
P 22.2750491082 15.383475282 0 13 1
P 8.59872877601 7.5799757973 0 13 1
