P 14 14 0 5 0
P 14.1747074653 3.97711511368 1 100 5
P 22.6590681511 19.0506715293 2 100 5
P 16.6668056611 12.4989513766 0 53 2
P 19.6324316679 10.8297075693 0 68 1
P 24.3281303888 8.18666829431 0 22 5
P 22.3218649257 9.31592268863 0 21 1
P 20.7091824751 10.2236434152 0 92 2
P 14.5683817402 7.8288570472 0 17 3
P 19.5705108986 16.715781927 0 17 3
P 7.42194146758 23.3488752754 0 42 4
P 2.59497660965 14.773152272 0 42 4
P 20.3870549254 7.54693637451 0 97 1
P 22.8303380047 11.8877425588 0 97 1
P 12.5116838008 22.3119419895 0 29 3
P 6.12207315797 10.9599780566 0 29 3
P 11.8664348791 4.66887341296 0 77 2
P 20.8701261854 20.6650873742 0 77 2
P 22.7529965995 20.5814151298 0 3 2
P 12.9148272137 3.10264368734 0 3 2
