P 14 14 0 61 0
P 13.1656877225 20.0647145002 1 100 5
P 14.8343122775 7.93528549977 2 100 5
P 11.3704517938 23.9723315402 0 4 2
P 16.6295482062 4.02766845978 0 4 2
P 8.72068916936 21.227892131 0 75 5
P 19.2793108306 6.77210786903 0 75 5
P 5.21206181549 17.1732048851 0 73 1
P 22.7879381845 10.8267951149 0 73 1
P 12.9345376076 3.41931126213 0 97 4
P 15.0654623924 24.5806887379 0 97 4
P 6.69236823787 6.21783768072 0 86 4
P 21.3076317621 21.7821623193 0 86 4
P 8.39531668423 17.5292496025 0 85 5
P 19.6046833158 10.4707503975 0 85 5
P 18.8925229913 16.1512103898 0 66 3
P 9.10747700871 11.8487896102 0 66 3
P 12.4937241308 21.9544678076 0 66 2
P 15.5062758692 6.0455321924 0 66 2
P 22.4322924795 19.6013861202 0 28 5
P 5.56770752046 8.39861387979 0 28 5
P 15.0620323316 18.0917979644 0 5 3
P 12.9379676684 9.90820203563 0 5 3
P 10.8527917922 4.49629695203 0 21 1
P 17.1472082078 23.503703048 0 21 1
