P 14 14 0 74 2
P 4.27997413717 7.30263266182 1 100 5
P 23.7200258628 20.6973673382 2 100 5
P 6.90296054761 7.01460804214 0 41 1
P 21.0970394524 20.9853919579 0 41 1
P 3.73283783352 8.6396480553 0 59 2
P 24.2671621665 19.3603519447 0 59 2
P 6.05661707166 7.68845713514 0 30 4
P 21.9433829283 20.3115428649 0 30 4
P 20.3682166566 15.1161390885 0 90 4
P 7.63178334335 12.8838609115 0 90 4
P 24.4722501022 9.39494144402 0 16 2
P 3.52774989778 18.605058556 0 16 2
P 11.9077958389 2.20690320603 0 19 1
P 16.0922041611 25.793096794 0 19 1
