P 14 14 0 82 3
P 6.68246697535 12.6611449745 1 100 5
P 21.3175330247 15.3388550255 2 100 5
P 12.8446789116 20.3144254286 0 95 3
P 15.1553210884 7.68557457136 0 95 3
P 12.6637101669 5.15674468929 0 54 5
P 15.3362898331 22.8432553107 0 54 5
P 15.7428520148 9.28380159318 0 84 4
P 12.2571479852 18.7161984068 0 84 4
P 10.8918293638 10.5473003262 0 67 3
P 17.1081706362 17.4526996738 0 67 3
P 8.50042722272 22.8184459835 0 41 3
P 19.4995727773 5.18155401646 0 41 3
P 17.2610352103 23.8383272561 0 93 1
P 10.7389647897 4.16167274388 0 93 1
P 5.44710779995 15.3281089183 0 68 3
P 22.5528922 12.6718910817 0 68 3
P 4.88404246914 11.587420126 0 55 3
P 23.1159575309 16.412579874 0 55 3
P 5.47837028587 20.0943714598 0 55 2
P 22.5216297141 7.90562854018 0 55 2
P 13.3762766634 24.7395025328 0 58 1
P 14.6237233366 3.26049746723 0 58 1
P 7.01579835934 19.5918909066 0 98 3
P 20.9842016407 8.40810909339 0 98 3
P 5.00177862907 9.84328975314 0 18 3
P 22.9982213709 18.1567102469 0 18 3
