P 14 14 0 65 1
P 4.75920830004 17.543948515 1 100 5
P 23.2407917 10.456051485 2 100 5
P 21.8332326334 7.51177146877 0 9 5
P 6.16676736664 20.4882285312 0 9 5
P 5.15466613554 7.48245723992 0 16 4
P 22.8453338645 20.5175427601 0 16 4
P 24.0041950854 20.2910060211 0 94 5
P 3.99580491458 7.70899397895 0 94 5
P 13.2428256689 6.63975098683 0 34 2
P 14.7571743311 21.3602490132 0 34 2
P 17.8327154576 13.9012254387 0 60 4
P 10.1672845424 14.0987745613 0 60 4
P 9.92024210339 8.8357850527 0 86 5
P 18.0797578966 19.1642149473 0 86 5
