P 14 14 0 20 1
P 6.63672991622 13.5772408754 1 100 5
P 21.3632700838 14.4227591246 2 100 5
P 9.46102101295 3.20151307629 0 45 5
P 18.5389789871 24.7984869237 0 45 5
P 7.98477123267 19.5485657972 0 71 2
P 20.0152287673 8.45143420282 0 71 2
P 16.6102643407 19.4529694582 0 90 3
P 11.3897356593 8.54703054184 0 90 3
P 14.6240838911 4.29973899147 0 95 5
P 13.3759161089 23.7002610085 0 95 5
P 9.79892319117 15.0562855319 0 33 3
P 18.2010768088 12.9437144681 0 33 3
P 8.19631298634 13.662401269 0 82 2
P 19.8036870137 14.337598731 0 82 2
P 5.20000410097 18.9739032281 0 38 4
P 22.799995899 9.02609677188 0 38 4
P 21.6565594157 10.9158306834 0 77 2
P 6.34344058431 17.0841693166 0 77 2
P 7.61882629364 21.6283739604 0 20 5
P 20.3811737064 6.37162603958 0 20 5
P 16.2995797124 21.5258421239 0 50 4
P 11.7004202876 6.47415787609 0 50 4
P 10.3772073742 25.3522204004 0 54 4
P 17.6227926258 2.64777959964 0 54 4
P 2.27397875382 12.7897165614 0 89 3
P 25.7260212462 15.2102834386 0 89 3
P 9.32818421701 9.02923938147 0 71 4
P 18.671815783 18.9707606185 0 71 4
