P 14 14 0 22 1
P 4.35179846832 7.61993219587 1 100 5
P 2.46140157945 14.8085817649 2 100 5
P 6.06566525435 11.9135105176 0 59 3
P 7.43891933802 12.2746347069 0 93 3
P 3.94901976015 11.3568969258 0 58 3
P 6.95391714009 20.6968969409 0 6 2
P 11.159749026 4.70329699781 0 6 2
P 21.6431477401 4.98925285095 0 76 4
P 16.2218466374 25.6049415802 0 76 4
P 13.9299389349 3.46044000612 0 13 4
P 8.75436600632 23.1416933564 0 13 4
P 7.92194023212 9.97293045926 0 92 3
P 6.72719865429 14.5161978436 0 92 3
P 10.7512844091 24.8589683947 0 100 1
P 16.513299595 2.94763949493 0 100 1
P 9.53336897253 6.03014007266 0 66 3
P 6.19062894487 18.7416435674 0 66 3
P 4.52911034222 13.9140522684 0 98 2
P 5.71198923754 9.41589534109 0 98 2
P 16.8418351233 8.27918490372 0 23 2
P 13.6600222004 20.3787277203 0 23 2
P 7.5613972217 18.0137338095 0 20 1
P 10.3687396122 7.33819747913 0 20 1
