P 14 14 0 29 1
P 13.2375141491 16.9193587457 1 100 5
P 12.0440635948 11.7025333652 2 100 5
P 22.9181155196 11.9598071367 0 86 3
P 19.3452883405 12.777161038 0 7 5
P 16.7848093981 13.3629205355 0 40 2
P 21.074819491 12.3814970547 0 52 2
P 14.4931692622 8.97613813369 0 24 2
P 16.6284125358 18.3097391469 0 24 2
P 15.6681542459 7.43019231817 0 91 5
P 18.3586802238 19.19105175 0 91 5
P 8.13925578498 23.4501232915 0 48 5
P 4.61343128163 8.03799692444 0 48 5
P 13.9604564061 3.90009903911 0 84 5
P 18.355668573 23.1125031906 0 84 5
P 19.3482110593 8.90380670074 0 100 2
P 21.0319942258 16.2639798778 0 100 2
P 21.5419680407 20.2403086206 0 22 4
P 18.0786145872 5.10125645634 0 22 4
P 10.4720334541 21.4984950943 0 13 3
P 7.56271569405 8.78125039949 0 13 3
P 11.8463498352 24.6286612767 0 35 1
P 7.43938785255 5.36489618956 0 35 1
P 14.8089228773 25.9199990088 0 18 3
P 9.54583393111 2.91392146781 0 18 3
