P 14 14 0 80 5
P 17.5534923377 3.60362928264 1 100 5
P 19.1572510305 23.7012676334 2 100 5
P 7.37415667174 14.5287314683 0 68 3
P 9.27932924091 14.3767018111 0 48 1
P 10.9224712578 14.2455817637 0 58 4
P 5.45855597871 14.6815932728 0 40 3
P 2.07725735339 14.9514153767 0 89 3
P 21.733852641 10.4035942049 0 27 2
P 22.2063237272 16.3244057735 0 27 2
P 7.96424646227 11.3049459212 0 37 2
P 8.46802899884 17.6181395908 0 37 2
P 14.7557836379 20.2260125987 0 27 4
P 13.7588552718 7.73292005746 0 27 4
P 13.1909524124 19.4467857112 0 16 3
P 12.3374021098 8.75044755825 0 16 3
P 17.3508050943 20.0724593911 0 18 4
P 16.3453883234 7.47299368397 0 18 4
