P 14 14 0 98 1
P 21.6416014435 12.6319560795 1 100 5
P 6.35839855652 15.3680439205 2 100 5
P 12.5568057201 5.93862468355 0 19 3
P 15.4431942799 22.0613753164 0 19 3
P 6.60295292005 21.387474709 0 21 3
P 21.3970470799 6.61252529096 0 21 3
P 21.5496924874 14.8678721956 0 86 1
P 6.45030751264 13.1321278044 0 86 1
P 8.31511134237 5.34406307897 0 19 1
P 19.6848886576 22.655936921 0 19 1
P 15.2608113471 18.125407438 0 37 3
P 12.7391886529 9.87459256203 0 37 3
P 10.7365290995 20.1325237233 0 46 5
P 17.2634709005 7.86747627667 0 46 5
P 22.1411766606 21.7916463451 0 84 1
P 5.85882333942 6.20835365492 0 84 1
P 12.4879684396 22.6197078565 0 57 1
P 15.5120315604 5.38029214354 0 57 1
P 14.3512452581 21.3210131928 0 29 1
P 13.6487547419 6.67898680721 0 29 1
