P 14 14 0 47 4
P 13.2581834346 10.315602029 1 100 5
P 11.9383544004 17.1424031643 2 100 5
P 12.4228041136 7.95805508359 0 7 4
P 10.284444891 19.0186945981 0 7 4
P 5.47464199168 6.89196471841 0 36 5
P 3.43960396799 17.4181764702 0 36 5
P 20.0496522239 20.8174927993 0 50 4
P 22.1547958528 9.92866057702 0 50 4
P 20.0542452555 18.1233910633 0 20 3
P 21.1548863261 12.4303372544 0 20 3
P 8.71955301443 18.8698795994 0 66 3
P 10.915210611 7.51286487688 0 66 3
P 23.1774960675 8.65126684562 0 47 5
P 20.5225341311 22.3840282045 0 47 5
P 16.4124437981 21.3151596028 0 83 2
P 18.9651799001 8.11116024562 0 83 2
P 13.1002957846 4.49012720117 0 56 1
P 9.62051697111 22.4892447676 0 56 1
P 15.1791629018 22.4387318692 0 14 3
P 18.2395579388 6.60887226519 0 14 3
P 20.6828913533 5.59073840266 0 11 5
P 17.0669409948 24.2942017848 0 11 5
P 7.83583695779 22.3143933405 0 31 2
P 11.3790475335 3.98717568314 0 31 2
P 10.4891555093 20.975784104 0 46 5
P 13.3422285585 6.21829519747 0 46 5
P 21.6418735801 7.22074944619 0 27 1
P 18.5643723838 23.1390904705 0 27 1
