P 14 14 0 75 0
P 11.18427242 22.8372634513 1 100 5
P 16.81572758 5.1627365487 2 100 5
P 10.6354078 23.9206153537 0 52 4
P 17.3645922 4.07938464626 0 52 4
P 6.99922801105 22.9309041383 0 38 5
P 21.0007719889 5.06909586173 0 38 5
P 19.0491707064 16.7368447377 0 90 2
P 8.95082929356 11.2631552623 0 90 2
P 3.91511215826 9.37310537325 0 84 3
P 24.0848878417 18.6268946267 0 84 3
P 16.1025707854 8.24005136166 0 13 3
P 11.8974292146 19.7599486383 0 13 3
P 3.71700244004 11.1172757978 0 18 3
P 24.28299756 16.8827242022 0 18 3
P 7.00781175726 10.8674019575 0 10 3
P 20.9921882427 17.1325980425 0 10 3
P 19.780550675 18.186189949 0 27 2
P 8.21944932501 9.81381005096 0 27 2
P 11.9607943437 8.70725941069 0 5 1
P 16.0392056563 19.2927405893 0 5 1
P 21.9234645581 16.3236842441 0 52 2
P 6.07653544194 11.6763157559 0 52 2
P 14.1037605734 23.2049202196 0 97 3
P 13.8962394266 4.79507978038 0 97 3
P 22.6845218987 19.0485579748 0 13 4
P 5.31547810125 8.95144202518 0 13 4
