P 14 14 0 74 5
P 5.34799406552 22.0919657023 1 100 5
P 25.5616257578 11.4181546421 2 100 5
P 12.1006843693 10.4031528748 0 31 1
P 9.88508682645 6.20734385619 0 91 5
P 9.0001776129 4.53153857699 0 59 2
P 12.6764782408 11.4935680211 0 64 1
P 19.6209826662 19.1320922719 0 83 4
P 15.0684388614 21.5360636688 0 83 4
P 6.33002346497 10.565529463 0 1 1
P 15.4889766518 5.72914294355 0 1 1
P 21.8095418565 19.4538012148 0 49 4
P 14.099940796 23.52485714 0 49 4
P 17.2900646337 4.98240204833 0 84 5
P 4.69767200058 11.6318167506 0 84 5
P 20.2585452132 14.100747989 0 53 3
P 10.5538753288 19.2253002874 0 53 3
P 8.21269474718 13.3625205467 0 70 2
P 16.7371342903 8.86118904613 0 70 2
