P 14 14 0 69 4
P 7.5869339112 3.98547843601 1 100 5
P 16.6159025264 2.39934860504 2 100 5
P 12.7137963811 6.67834708026 0 19 4
P 11.9964983532 2.5951621764 0 78 5
P 12.1900060353 3.69669545206 0 11 4
P 5.32676859038 14.9172539871 0 31 4
P 22.4665612384 11.9062858938 0 31 4
P 22.6456874503 18.2227994527 0 75 3
P 7.31118945575 20.9166292519 0 75 3
P 4.80527520151 7.73603862154 0 57 4
P 20.5092974695 4.97729404647 0 57 4
P 6.42516841957 22.9210532818 0 48 5
P 24.1618164243 19.8052348865 0 48 5
P 12.3099499692 8.99274160483 0 2 1
P 13.8822655153 8.7165310322 0 2 1
P 18.6807877364 22.9364900002 0 98 2
P 12.6452395377 23.9967620481 0 98 2
P 13.8837475938 6.21404213373 0 18 5
P 11.4556472303 6.64058945971 0 18 5
P 25.5566495093 11.0375971736 0 10 2
P 2.12562295319 15.1537539325 0 10 2
P 9.56605511844 15.3482646738 0 79 3
P 18.6279926731 13.7563431494 0 79 3
