P 14 14 0 82 3
P 4.92587803236 6.39056977021 1 100 5
P 23.0741219676 21.6094302298 2 100 5
P 6.79609758417 22.5905366355 0 28 3
P 21.2039024158 5.40946336451 0 28 3
P 9.12457696073 19.8138627947 0 18 2
P 18.8754230393 8.18613720526 0 18 2
P 23.0412475846 12.2020915829 0 62 5
P 4.95875241542 15.7979084171 0 62 5
P 11.8861397391 3.59812140218 0 29 1
P 16.1138602609 24.4018785978 0 29 1
P 3.1998763721 18.0144433193 0 39 3
P 24.8001236279 9.98555668073 0 39 3
P 10.5600175639 11.8986696852 0 80 5
P 17.4399824361 16.1013303148 0 80 5
P 7.15409353594 6.23286321173 0 76 2
P 20.8459064641 21.7671367883 0 76 2
P 17.1723123646 17.5724007222 0 70 1
P 10.8276876354 10.4275992778 0 70 1
P 19.751138833 23.9667593833 0 89 5
P 8.24886116701 4.03324061673 0 89 5
P 21.2945719729 15.870283006 0 78 1
P 6.70542802706 12.129716994 0 78 1
