P 14 14 0 85 1
P 10.7922366393 3.44530672729 1 100 5
P 17.2077633607 24.5546932727 2 100 5
P 2.64726517224 17.4503027121 0 7 1
P 25.3527348278 10.5496972879 0 7 1
P 17.2338167178 21.2528746489 0 43 5
P 10.7661832822 6.74712535107 0 43 5
P 8.19925712828 23.3265227542 0 54 5
P 19.8007428717 4.6734772458 0 54 5
P 20.5441955412 21.9331441905 0 53 1
P 7.45580445885 6.06685580955 0 53 1
P 7.41117036678 23.9570615392 0 12 2
P 20.5888296332 4.04293846079 0 12 2
P 21.3649163505 11.1429057546 0 99 4
P 6.6350836495 16.8570942454 0 99 4
P 11.726160695 5.27457348021 0 80 2
P 16.273839305 22.7254265198 0 80 2
P 6.37301017486 22.9425905597 0 4 2
P 21.6269898251 5.05740944033 0 4 2
P 20.4182550108 13.8323435674 0 99 4
P 7.58174498921 14.1676564326 0 99 4
P 10.1906928815 14.8857776267 0 22 3
P 17.8093071185 13.1142223733 0 22 3
P 18.4669868303 10.6780409072 0 7 5
P 9.53301316974 17.3219590928 0 7 5
P 4.87511020737 15.8467928268 0 2 3
P 23.1248897926 12.1532071732 0 2 3
