P 14 14 0 5 3
P 13.3550444445 24.9178479341 1 100 5
P 10.1602081104 3.75932768683 2 100 5
P 2.86207353539 15.6817741382 0 48 1
P 17.6634247788 21.6745153667 0 81 1
P 15.2341316645 5.58597680907 0 81 1
P 5.87553240246 16.4125095283 0 79 2
P 5.52542832964 14.0938667752 0 79 2
P 23.0758640189 21.6547006702 0 11 4
P 20.411120357 4.00683804749 0 11 4
P 23.5478240834 15.0062580482 0 58 3
P 22.8250500643 10.2195249838 0 58 3
P 4.30213168564 17.6089336278 0 75 1
P 3.66891933409 13.4153427955 0 75 1
P 6.72492543653 21.9073636456 0 71 5
P 4.71454937176 8.59319721474 0 71 5
P 11.9522416056 6.56030787047 0 85 3
P 14.240170377 21.712629358 0 85 3
P 19.2596354076 18.5659797681 0 76 3
P 17.6770013038 8.08463041934 0 76 3
P 19.7887959068 8.09438919495 0 89 1
P 21.2743991979 17.9331302217 0 89 1
P 7.78576095669 24.2235457494 0 94 2
P 5.04421696664 6.0670557271 0 94 2
P 15.0866063716 25.3845710963 0 23 4
P 11.6767682786 2.80215347387 0 23 4
P 16.9894611345 23.1794417037 0 52 3
P 14.1458724461 4.34713777702 0 52 3
P 18.6576349547 7.3813004748 0 72 1
P 20.4042141119 18.9484127137 0 72 1
