P 14 14 0 2 1
P 25.1140153934 10.1236990586 1 100 5
P 25.4341767601 16.7940381121 2 100 5
P 18.6209604646 13.7782042253 0 91 3
P 25.6214848375 13.4421947012 0 59 5
P 20.1456231363 13.7050238246 0 93 4
P 15.3974689211 24.8493241934 0 21 3
P 14.3519520034 3.06670751206 0 21 3
P 7.44725304225 6.06603824653 0 98 4
P 8.23725016891 22.5250780748 0 98 4
P 8.29983706087 6.87098504864 0 83 1
P 9.00882118781 21.6421754608 0 83 1
P 17.1592077472 11.6661191055 0 22 4
P 17.368212106 16.02057933 0 22 4
P 10.7473795872 12.5983571215 0 85 1
P 10.8965740056 15.7067189006 0 85 1
P 6.76096352497 22.8220812968 0 45 3
P 5.94930740962 5.91179152659 0 45 3
P 13.3674053154 16.7231473821 0 50 5
P 13.1095042126 11.3499575565 0 50 5
P 10.1063282703 16.9599257474 0 24 2
P 9.84074085412 11.4265969367 0 24 2
P 3.70913564289 13.3849976216 0 28 4
P 3.81534432735 15.5977815781 0 28 4
P 9.3774823529 20.1794221095 0 3 1
P 8.80689853227 8.29170567064 0 3 1
P 16.2423584092 19.1181320518 0 99 4
P 15.7418618211 8.69063428168 0 99 4
P 20.3043484445 7.25678530302 0 60 5
P 20.9211980923 20.1084180216 0 60 5
