P 14 14 0 84 5
P 16.4495320965 6.63574208639 1 100 5
P 12.4482132929 21.6042396152 2 100 5
P 24.3956946416 16.778935452 0 95 4
P 25.4698265694 17.0660680965 0 87 4
P 20.7677069039 15.8091163017 0 83 1
P 17.8379977304 15.0259581803 0 44 2
P 23.2632061588 16.4762031669 0 66 5
P 20.6087163702 11.6580511618 0 41 5
P 18.5586404008 19.3271619197 0 41 5
P 18.8036761799 5.86598960233 0 58 3
P 14.1042632657 23.4459811117 0 58 3
P 12.6711470548 20.4320766581 0 35 4
P 16.0578485411 7.76279552461 0 35 4
P 15.5399760282 24.4827635481 0 45 4
P 20.5652171499 5.68388422719 0 45 4
P 14.2081443993 22.2090911793 0 12 3
P 18.2765225289 6.98973202083 0 12 3
P 16.9680551198 16.3574484124 0 46 5
P 17.7484737985 13.4379871952 0 46 5
P 19.144748426 13.1397453664 0 78 5
P 18.0292730153 17.3126172991 0 78 5
P 5.29996026108 21.6550400894 0 42 1
P 10.2800922057 3.02490928372 0 42 1
P 25.5545072737 11.8083367951 0 84 1
P 22.9197292765 21.6647541106 0 84 1
P 11.123623504 23.4007594688 0 76 1
P 16.198042519 4.41791100955 0 76 1
P 23.0796179296 7.19131109637 0 22 4
P 18.4711653238 24.4310300057 0 22 4
