P 14 14 0 18 3
P 5.65324131372 10.1169976428 1 100 5
P 4.92365303507 15.5381851791 2 100 5
P 16.0043360287 24.8237935091 0 5 5
P 18.7945462207 4.09120615917 0 5 5
P 17.2369693463 10.7725610886 0 16 3
P 16.2685500377 17.9683766457 0 16 3
P 5.33337499921 8.00403559303 0 86 1
P 4.05655636141 17.4914046858 0 86 1
P 3.08283278943 11.736416387 0 90 5
P 2.87282999147 13.2968369477 0 90 5
P 9.04775495666 6.1251285333 0 68 2
P 7.14204695015 20.2854444196 0 68 2
P 13.4668132853 18.8664088473 0 33 4
P 14.7723331908 9.16577569982 0 33 4
P 16.7367870812 2.66684464121 0 4 4
P 13.6432277933 25.6534598943 0 4 4
P 15.0359898626 18.0197446294 0 21 4
P 16.0618435213 10.3971645646 0 21 4
P 11.7354405243 3.97356919323 0 38 5
P 9.16529051625 23.0710048258 0 38 5
P 4.55159770074 18.7444873223 0 66 3
P 6.14208474498 6.92641294641 0 66 3
P 15.5878960723 4.28994800105 0 32 4
P 12.9643193312 23.784369643 0 32 4
P 10.2418252122 3.00266265155 0 58 5
P 7.4681355464 23.6124946425 0 58 5
