P 14 14 0 5 1
P 17.6641880378 19.4894683973 1 100 5
P 20.5808678732 13.4972920361 2 100 5
P 24.1453912658 18.9382488671 0 31 5
P 21.8466779266 17.8193547559 0 55 3
P 19.1615068043 16.5123530933 0 71 2
P 10.1897892636 18.1071939033 0 1 4
P 14.8819097194 8.46746144506 0 1 4
P 12.808497557 6.55266657401 0 65 4
P 7.40366976138 17.6566214752 0 65 4
P 18.7086018792 19.5062705778 0 72 3
P 21.2384059701 14.3089115508 0 72 3
P 16.3910246321 22.7312929009 0 59 3
P 22.3468477663 10.4953449702 0 59 3
P 14.2904504508 4.25589775408 0 57 2
P 6.5102823538 20.239873366 0 57 2
P 14.7224410788 23.4608530189 0 25 5
P 21.891659705 8.73204327483 0 25 5
P 16.0516874691 6.70252623181 0 59 3
P 9.52238541746 20.1166586073 0 59 3
P 22.3055289779 6.46305624935 0 64 1
P 13.1920022648 25.1863520579 0 64 1
P 7.051459402 10.0176627562 0 39 2
P 6.57912410789 10.9880525637 0 39 2
