P 14 14 0 2 4
P 9.10608515634 12.220415644 1 100 5
P 18.8939148437 15.779584356 2 100 5
P 11.8230574326 2.54805580028 0 10 4
P 16.1769425674 25.4519441997 0 10 4
P 21.8352904948 12.9799516322 0 91 1
P 6.16470950519 15.0200483678 0 91 1
P 20.2745536832 4.86954792659 0 86 5
P 7.72544631684 23.1304520734 0 86 5
P 11.1686980872 15.7969620502 0 66 1
P 16.8313019128 12.2030379498 0 66 1
P 2.03987445784 13.1416193498 0 94 3
P 25.9601255422 14.8583806502 0 94 3
P 7.64448534314 14.4508452457 0 46 3
P 20.3555146569 13.5491547543 0 46 3
P 9.6267429532 5.96995555692 0 73 1
P 18.3732570468 22.0300444431 0 73 1
P 6.27642700166 22.7859319306 0 11 5
P 21.7235729983 5.21406806938 0 11 5
P 23.7481076698 18.1616010027 0 78 5
P 4.25189233021 9.83839899733 0 78 5
P 18.7071298799 5.54986087474 0 56 3
P 9.29287012013 22.4501391253 0 56 3
P 23.8537502254 9.9959727989 0 19 4
P 4.14624977457 18.0040272011 0 19 4
P 19.3612181048 21.610201859 0 43 5
P 8.63878189524 6.38979814098 0 43 5
