P 14 14 0 80 4
P 20.5651694501 15.2856466469 1 100 5
P 9.8556454492 19.2515390665 2 100 5
P 15.8731244317 19.0581984925 0 87 4
P 17.1292777488 22.4503238139 0 89 2
P 17.8946033602 24.5170145197 0 95 5
P 4.75340641018 11.4969583454 0 44 2
P 19.3861396637 6.07824450875 0 44 2
P 13.9706800421 5.14977304076 0 9 2
P 8.25798302287 7.2652677912 0 9 2
P 19.3607234946 18.7781671904 0 1 5
P 13.0443134016 21.1172256681 0 1 5
P 17.5051518597 5.97569175322 0 10 2
P 6.11392379686 10.1940290967 0 10 2
P 11.5404601617 22.6529936602 0 23 4
P 21.5021267281 18.9640437201 0 23 4
P 11.216652722 3.07646774862 0 24 4
P 8.99739487392 3.89829119061 0 24 4
P 24.9307251098 14.1121089936 0 45 4
P 5.77868063082 21.2043894732 0 45 4
P 22.4095485532 15.7098713741 0 17 3
P 8.73241613144 20.7747123313 0 17 3
P 20.1376979343 13.8721102446 0 31 4
P 9.25936065582 17.9005166748 0 31 4
P 19.4727391707 4.53661710028 0 13 5
P 3.6836123734 10.3835602764 0 13 5
