P 14 14 0 39 3
P 7.70094086898 7.94436970815 1 100 5
P 20.299059131 20.0556302919 2 100 5
P 8.88849497279 19.3169811998 0 5 4
P 19.1115050272 8.68301880016 0 5 4
P 23.4285586206 11.0744455387 0 18 5
P 4.5714413794 16.9255544613 0 18 5
P 6.27369473289 13.761031056 0 9 1
P 21.7263052671 14.238968944 0 9 1
P 22.3249063152 19.6886122943 0 37 3
P 5.67509368476 8.31138770568 0 37 3
P 14.3806996986 7.6792895182 0 41 4
P 13.6193003014 20.3207104818 0 41 4
P 7.09446246276 15.341605227 0 35 3
P 20.9055375372 12.658394773 0 35 3
P 17.4654348363 11.406654885 0 19 2
P 10.5345651637 16.593345115 0 19 2
