P 14 14 0 84 2
P 19.5410485959 15.4601279002 1 100 5
P 14.9014333474 19.6588524408 2 100 5
P 8.64802066414 8.08603143749 0 53 1
P 7.32206276117 6.62084017622 0 23 1
P 11.4032901317 11.1306203625 0 12 2
P 12.1934229967 12.0037218134 0 98 2
P 6.18021741756 5.35909437312 0 12 3
P 23.6961921489 14.8434841302 0 5 2
P 13.8743304899 23.7319995294 0 5 2
P 18.3594622135 14.1494707474 0 12 1
P 13.714874505 18.3526952279 0 12 1
P 18.0934725998 16.811493844 0 91 1
P 16.3901534393 18.3529509642 0 91 1
P 12.6117815319 10.6942035637 0 8 5
P 10.8487706933 12.2896800153 0 8 5
P 3.08459132852 13.2783061381 0 71 2
P 14.3681917312 3.0669572696 0 71 2
P 7.19397391443 23.3146286756 0 78 1
P 23.9457231993 8.15475505356 0 78 1
P 16.6880468183 5.37768369466 0 12 3
P 5.15297401127 15.8166081915 0 12 3
P 6.31182996227 12.0729499364 0 98 4
P 12.8476442843 6.15821724472 0 98 4
