P 14 14 0 7 0
P 4.94681728047 12.3020657646 1 100 5
P 23.0531827195 15.6979342354 2 100 5
P 12.5366168026 21.8025845752 0 24 5
P 15.4633831974 6.19741542479 0 24 5
P 11.967384604 24.8376627284 0 21 4
P 16.032615396 3.1623372716 0 21 4
P 7.25273025892 9.46072487399 0 46 5
P 20.7472697411 18.539275126 0 46 5
P 3.94555080937 12.4590711988 0 77 5
P 24.0544491906 15.5409288012 0 77 5
P 13.4400544967 25.0061963012 0 96 1
P 14.5599455033 2.99380369878 0 96 1
P 3.00305202562 14.8135841657 0 89 4
P 24.9969479744 13.1864158343 0 89 4
P 13.7073414116 7.82993484638 0 15 3
P 14.2926585884 20.1700651536 0 15 3
