P 14 14 0 43 1
P 3.02273101934 17.0652651435 1 100 5
P 23.7820643333 19.8487179837 2 100 5
P 7.49694627675 8.37617203245 0 3 5
P 21.7548338382 10.2878980512 0 3 5
P 3.57259027347 8.60931564107 0 23 5
P 25.4791612316 11.5465923941 0 23 5
P 20.5827939161 22.6874422551 0 27 4
P 5.36120042105 20.6465006215 0 27 4
P 15.5165312951 21.4036880742 0 99 2
P 10.5866946718 20.7426857413 0 99 2
P 18.3047133704 24.3406975568 0 1 1
P 7.12330308688 22.8414717512 0 1 1
P 11.3680523823 5.84493854058 0 56 4
P 18.6872569244 6.82631209254 0 56 4
