P 14 14 0 55 1
P 9.87758695339 8.04620192224 1 100 5
P 18.7846491012 8.56408849812 2 100 5
P 14.5458770055 4.61153418621 0 57 4
P 14.1195917104 11.9431581221 0 26 2
P 14.6644166791 2.57278614963 0 4 4
P 14.399512284 7.12884151008 0 62 4
P 3.54228892929 19.7326833822 0 31 2
P 23.7228526094 20.9060492856 0 31 2
P 10.7389829893 11.0167346066 0 2 4
P 17.5847879174 11.4147727492 0 2 4
P 18.6254540161 4.50800228855 0 3 2
P 10.5057891344 4.03589764022 0 3 2
P 21.7784756061 21.1853545951 0 64 4
P 5.44119363654 20.2354500274 0 64 4
P 11.097000098 3.06959349255 0 86 3
P 18.1502166937 3.47969124768 0 86 3
P 18.0966499274 20.1969176987 0 95 2
P 9.21276408073 19.680378671 0 95 2
P 23.2894565563 16.020456831 0 42 1
P 4.53897993908 14.9302410033 0 42 1
P 14.9469952449 8.58856777877 0 21 1
P 13.6865436721 8.51528088144 0 21 1
P 15.3429472654 19.6743030534 0 64 1
P 12.0084792471 19.4804258585 0 64 1
P 8.18810777146 17.2873196043 0 32 1
P 19.391744986 17.9387367852 0 32 1
