P 14 14 0 100 0
P 22.745104563 8.45589230987 1 100 5
P 5.25489543696 19.5441076901 2 100 5
P 7.85320495368 4.30423498026 0 66 2
P 20.1467950463 23.6957650197 0 66 2
P 9.84583657089 7.44735066669 0 64 1
P 18.1541634291 20.5526493333 0 64 1
P 13.9988461396 3.35318902919 0 8 3
P 14.0011538604 24.6468109708 0 8 3
P 18.972391854 11.1349424172 0 44 3
P 9.027608146 16.8650575828 0 44 3
P 21.4601185163 21.3281734102 0 26 4
P 6.53988148373 6.6718265898 0 26 4
P 17.0770658119 24.8104643011 0 62 2
P 10.9229341881 3.18953569885 0 62 2
P 22.669671 21.6411098277 0 18 4
P 5.33032899997 6.35889017234 0 18 4
P 13.89297719 6.35935484318 0 62 1
P 14.10702281 21.6406451568 0 62 1
P 2.20994943277 15.5049051243 0 57 5
P 25.7900505672 12.4950948757 0 57 5
P 20.1221836084 10.3627161022 0 97 2
P 7.87781639156 17.6372838978 0 97 2
P 13.1246407509 20.8842172186 0 62 4
P 14.8753592491 7.1157827814 0 62 4
P 7.34787118855 23.7569704869 0 52 5
P 20.6521288115 4.24302951309 0 52 5
P 24.0549372897 17.0931759402 0 71 1
P 3.94506271027 10.9068240598 0 71 1
