P 14 14 0 21 4
P 17.8777841271 5.49321082021 1 100 5
P 10.1222158729 22.5067891798 2 100 5
P 8.5523666779 7.91430706446 0 74 3
P 19.4476333221 20.0856929355 0 74 3
P 14.76826812 25.3342250345 0 95 3
P 13.23173188 2.66577496551 0 95 3
P 16.7160883645 3.22472043026 0 95 1
P 11.2839116355 24.7752795697 0 95 1
P 9.07157905083 3.84877384206 0 100 5
P 18.9284209492 24.1512261579 0 100 5
P 19.6260858938 22.1134980282 0 61 3
P 8.37391410622 5.88650197183 0 61 3
P 22.7783858903 14.7196963942 0 63 4
P 5.2216141097 13.2803036058 0 63 4
