P 14 14 0 96 4
P 21.2221514769 17.3586971509 1 100 5
P 16.9275044259 6.59256884313 2 100 5
P 9.7048905146 15.7133345208 0 18 4
P 7.83970211648 16.4573648374 0 59 3
P 4.44881606667 17.8100013989 0 53 1
P 3.45100630803 18.2080312769 0 1 3
P 11.9790534091 14.8061628163 0 98 5
P 9.91624102401 18.8084916513 0 45 2
P 7.72786407087 13.3225118296 0 45 2
P 25.5345917194 14.8831916119 0 3 2
P 21.7597768629 5.42021581884 0 3 2
P 23.9789269587 8.16682411538 0 98 5
P 25.2540058729 11.3632831095 0 98 5
P 20.4718746838 4.8655127222 0 82 4
P 24.9820884269 16.1720390272 0 82 4
P 3.83675350169 11.3024376256 0 22 3
P 8.48385628181 22.9521271567 0 22 3
P 13.8582649164 22.0991167981 0 85 5
P 8.32268287307 8.22212392112 0 85 5
P 20.5107251228 6.79341644952 0 70 1
P 23.683325833 14.7467187603 0 70 1
P 22.8810241614 15.9357729608 0 23 3
P 19.1102951212 6.48303978418 0 23 3
P 24.1848739102 9.35102380023 0 100 1
P 24.5883418934 10.3624661897 0 100 1
P 9.92953585872 9.14478435667 0 24 3
P 14.388888812 20.323809197 0 24 3
P 17.0367900267 9.5998678002 0 39 2
P 19.2315544002 15.1018600638 0 39 2
