P 14 14 0 74 3
P 7.8310688025 17.10653261 1 100 5
P 8.25971039888 10.1587329862 2 100 5
P 9.7865623236 13.7400537221 0 93 1
P 4.81322949447 13.4332260301 0 21 1
P 8.69085937439 13.6724547862 0 6 5
P 7.31174586521 13.5873709542 0 78 3
P 11.4971413514 13.8455871809 0 55 2
P 20.389115848 11.6887298606 0 16 4
P 20.0565591601 17.0791008617 0 16 4
P 20.4437402766 9.26466056778 0 42 4
P 19.8127995935 19.4915015412 0 42 4
P 14.7089339925 18.013897011 0 32 2
P 15.1969511712 10.1036857783 0 32 2
P 6.45967567878 20.6735528745 0 80 2
P 7.33718010703 6.4501900745 0 80 2
P 7.59914761244 19.2405319775 0 1 5
P 8.29186197586 8.01240891574 0 1 5
P 15.6923854792 6.62065592035 0 37 2
P 14.7724725807 21.5314124683 0 37 2
P 21.7646646894 16.8082107924 0 4 2
P 22.0509696662 12.1675281645 0 4 2
P 18.9795032681 23.2124280438 0 54 1
P 20.0741444387 5.46952213542 0 54 1
