P 14 14 0 97 4
P 20.2944141352 9.32214899075 1 100 5
P 7.70558586482 18.6778510093 2 100 5
P 23.0170144827 8.43588263288 0 56 4
P 4.9829855173 19.5641173671 0 56 4
P 18.0529388471 18.9766961454 0 95 1
P 9.94706115288 9.02330385458 0 95 1
P 18.0369694956 24.7991362074 0 100 5
P 9.96303050444 3.20086379258 0 100 5
P 3.38567385934 17.0672868411 0 76 1
P 24.6143261407 10.9327131589 0 76 1
P 16.9673796252 9.5329335722 0 4 4
P 11.0326203748 18.4670664278 0 4 4
P 5.36382216331 13.1438232835 0 23 4
P 22.6361778367 14.8561767165 0 23 4
P 21.3935949213 5.58116720721 0 25 3
P 6.60640507865 22.4188327928 0 25 3
P 5.11782038234 9.64619319595 0 42 3
P 22.8821796177 18.3538068041 0 42 3
P 11.9633821525 25.4321953703 0 74 1
P 16.0366178475 2.56780462969 0 74 1
P 4.67793238545 16.5772339015 0 66 3
P 23.3220676145 11.4227660985 0 66 3
P 14.6484255657 6.57998422737 0 95 4
P 13.3515744343 21.4200157726 0 95 4
P 18.7079232355 22.9404467409 0 31 4
P 9.29207676449 5.05955325914 0 31 4
P 17.4029713006 8.43783736848 0 96 4
P 10.5970286994 19.5621626315 0 96 4
