P 14 14 0 43 3
P 15.868983039 21.7865500617 1 100 5
P 12.131016961 6.2134499383 2 100 5
P 8.6014391438 15.2958009125 0 7 2
P 19.3985608562 12.7041990875 0 7 2
P 24.1481532229 13.6446824083 0 41 3
P 3.85184677709 14.3553175917 0 41 3
P 17.9388204328 7.33537591141 0 7 5
P 10.0611795672 20.6646240886 0 7 5
P 18.0516008396 23.7970205171 0 28 2
P 9.94839916037 4.20297948293 0 28 2
P 8.96807732633 10.8993538322 0 36 1
P 19.0319226737 17.1006461678 0 36 1
P 4.86500508005 6.71233808611 0 45 1
P 23.1349949199 21.2876619139 0 45 1
P 18.9288571757 6.32865195788 0 99 2
P 9.07114282431 21.6713480421 0 99 2
