P 14 14 0 97 5
P 4.25665640264 13.2888524141 1 100 5
P 23.7433435974 14.7111475859 2 100 5
P 13.2469228215 24.317815669 0 77 4
P 14.7530771785 3.68218433102 0 77 4
P 7.88745852218 22.5539619124 0 14 1
P 20.1125414778 5.44603808756 0 14 1
P 8.88369505669 22.2246608001 0 33 4
P 19.1163049433 5.77533919987 0 33 4
P 19.9408536265 7.56859023497 0 85 2
P 8.05914637351 20.431409765 0 85 2
P 10.6321689441 22.1312293394 0 74 1
P 17.3678310559 5.86877066062 0 74 1
P 10.7509026219 19.5017102883 0 54 2
P 17.2490973781 8.49828971169 0 54 2
P 15.9588760628 24.9691286185 0 98 1
P 12.0411239372 3.03087138147 0 98 1
P 12.3226587228 21.5573782333 0 19 3
P 15.6773412772 6.44262176668 0 19 3
P 20.3712634999 13.2382902129 0 55 5
P 7.6287365001 14.7617097871 0 55 5
P 19.8086346409 17.0620782741 0 20 2
P 8.19136535914 10.9379217259 0 20 2
P 10.8718837979 20.550801319 0 55 5
P 17.1281162021 7.44919868101 0 55 5
