P 14 14 0 36 2
P 7.77249835896 10.411118739 1 100 5
P 20.1094759237 10.2136892187 2 100 5
P 14.0899117777 19.6184079366 0 7 4
P 14.186161705 25.6328742209 0 69 3
P 14.1068232782 20.6751739246 0 68 5
P 14.1647988674 24.2979530412 0 85 1
P 14.0378589908 16.3657329444 0 85 5
P 5.03193894439 19.0727714533 0 61 5
P 23.1257870898 18.7832143278 0 61 5
P 12.4266802156 6.07055099529 0 11 4
P 15.3187880595 6.0242683899 0 11 4
P 21.8709217081 17.1827786464 0 77 5
P 6.23495109819 17.4330021847 0 77 5
P 16.1609933975 24.9695870432 0 92 5
P 12.191117428 25.0331172478 0 92 5
P 4.27468755545 10.7447077135 0 26 3
P 23.6161697814 10.435184612 0 26 3
P 10.6151359517 23.4996985838 0 22 3
P 17.6871016204 23.3865254195 0 22 3
