P 14 14 0 74 0
P 7.24692974228 4.83489252825 1 100 5
P 20.7530702577 23.1651074717 2 100 5
P 4.92678929827 6.82932749681 0 64 3
P 23.0732107017 21.1706725032 0 64 3
P 5.95927718433 7.23084731292 0 6 5
P 22.0407228157 20.7691526871 0 6 5
P 8.04973511108 11.2216173783 0 9 4
P 19.9502648889 16.7783826217 0 9 4
P 3.76336014164 18.6521069151 0 14 5
P 24.2366398584 9.34789308494 0 14 5
P 4.85170733079 17.3008471498 0 18 2
P 23.1482926692 10.6991528502 0 18 2
P 15.3336490784 7.07753358537 0 85 2
P 12.6663509216 20.9224664146 0 85 2
P 6.84893594111 9.95907552354 0 37 2
P 21.1510640589 18.0409244765 0 37 2
P 13.7480427703 5.19487158671 0 47 5
P 14.2519572297 22.8051284133 0 47 5
P 15.9068813264 3.85916487519 0 54 1
P 12.0931186736 24.1408351248 0 54 1
