P 14 14 0 5 0
P 5.74173662669 16.628211601 1 100 5
P 8.94920857583 21.042436805 2 100 5
P 21.5220188488 8.53433765986 0 26 5
P 25.2144951525 11.1235926351 0 20 1
P 20.2000819505 4.22259724359 0 20 1
P 4.55343642397 16.0363437167 0 66 1
P 9.14503955015 22.3554543957 0 66 1
P 17.8736255819 4.80219036411 0 62 2
P 23.944565605 13.1572116665 0 62 2
P 3.33107160885 8.64934296076 0 55 3
P 15.7931203913 25.8000119928 0 55 3
P 10.1050234335 24.8676523964 0 58 1
P 2.4606703577 14.3472498642 0 58 1
P 7.66484608761 14.1034525868 0 76 5
P 11.944561848 19.9933339249 0 76 5
P 16.8893710013 17.4985047779 0 81 3
P 11.5651920263 10.1711998491 0 81 3
P 13.8592401394 3.42372714895 0 62 4
P 24.0154886723 17.4010803303 0 62 4
