P 14 14 0 70 4
P 14.4464934351 7.29489569583 1 100 5
P 7.29735283227 13.5180237949 2 100 5
P 21.1031148699 22.1600709666 0 75 1
P 18.6939402154 13.7776629181 0 15 1
P 13.1327890087 18.6184904049 0 15 1
P 18.8496014781 7.34796763472 0 94 2
P 6.743009361 17.8864194255 0 94 2
P 13.1351020344 3.93513076382 0 5 5
P 4.15041440455 11.756051509 0 5 5
P 9.10331184273 3.2332964911 0 95 5
P 4.01100683841 7.66600639598 0 95 5
P 3.4498565308 19.0246920383 0 59 4
P 20.4309258183 4.243143415 0 59 4
P 14.1973942909 25.6923697242 0 33 5
P 25.5535579388 15.8071450488 0 33 5
P 15.7171124897 9.60495009157 0 31 5
P 9.41022012544 15.0949245193 0 31 5
P 6.68278475193 20.7689146873 0 98 1
P 21.7128844733 7.68563082078 0 98 1
P 22.1792493211 14.3492392747 0 19 1
P 13.2185069904 22.1493163029 0 19 1
P 24.39115526 18.6717299108 0 86 2
P 17.1948581678 24.9359064226 0 86 2
P 25.2494829112 12.9901856272 0 49 3
P 11.4492353698 25.0029173694 0 49 3
P 14.8966307053 24.8801001974 0 87 5
P 24.6526612495 16.3877468939 0 87 5
