P 14 14 0 86 1
P 3.03055356578 18.677370475 1 100 5
P 9.12253802135 24.8819536059 2 100 5
P 20.1012815704 8.0094424231 0 35 3
P 18.9437545589 9.14596302606 0 58 5
P 21.4869009942 6.64896875177 0 43 4
P 17.4836315307 10.5795882356 0 86 1
P 16.4740312392 11.5708666426 0 20 3
P 9.50512385273 19.8587403709 0 23 2
P 8.05993051452 18.3868353993 0 23 2
P 6.91803749683 15.3237463334 0 71 3
P 12.546788596 21.0565341257 0 71 3
P 8.51536969087 5.05925535433 0 90 3
P 22.8388092122 19.6474362464 0 90 3
P 5.96516604318 16.3136419438 0 18 5
P 11.5396097049 21.9911185296 0 18 5
P 3.29845647788 11.9248554658 0 46 4
P 15.8788266593 24.7377497167 0 46 4
P 8.49537112612 21.5641257304 0 98 4
P 6.3363402236 19.3651892731 0 98 4
P 10.5685209255 19.0129875712 0 17 4
P 8.92501474403 17.3391043229 0 17 4
P 25.8068331421 14.4555915096 0 18 2
P 13.76069519 2.18680374844 0 18 2
P 25.0027909534 12.3877533612 0 27 3
P 15.8134627304 3.02857799031 0 27 3
P 4.90495384794 21.3448729296 0 61 4
P 6.4898074506 22.9590195184 0 61 4
P 11.6495445135 5.20410422311 0 12 5
P 22.7513785908 16.5111344593 0 12 5
