P 14 14 0 86 1
P 5.89386673721 16.4464807485 1 100 5
P 22.1061332628 11.5535192515 2 100 5
P 12.4658688081 8.91683231426 0 90 1
P 15.5341311919 19.0831676857 0 90 1
P 8.25523821414 11.8245378687 0 18 5
P 19.7447617859 16.1754621313 0 18 5
P 20.0094129578 9.74386871411 0 93 5
P 7.99058704217 18.2561312859 0 93 5
P 12.7060860491 18.1145257011 0 33 2
P 15.2939139509 9.88547429889 0 33 2
P 5.50037241913 15.5208273293 0 61 1
P 22.4996275809 12.4791726707 0 61 1
P 13.6221282734 5.56271942531 0 51 4
P 14.3778717266 22.4372805747 0 51 4
P 10.9902882836 13.0669274884 0 73 4
P 17.0097117164 14.9330725116 0 73 4
P 18.7253498754 22.1488168099 0 2 4
P 9.27465012464 5.85118319011 0 2 4
P 23.2760649123 17.1990031824 0 9 4
P 4.72393508775 10.8009968176 0 9 4
P 10.3744818514 4.74745862724 0 33 1
P 17.6255181486 23.2525413728 0 33 1
P 13.5815119629 21.4662069391 0 21 4
P 14.4184880371 6.5337930609 0 21 4
