P 14 14 0 82 3
P 19.7239212621 7.90792817885 1 100 5
P 8.27607873795 20.0920718212 2 100 5
P 8.50043029041 8.83277529927 0 2 3
P 19.4995697096 19.1672247007 0 2 3
P 6.41225678425 6.87079240057 0 79 4
P 21.5877432157 21.1292075994 0 79 4
P 17.5407673656 8.15389039345 0 36 1
P 10.4592326344 19.8461096065 0 36 1
P 9.20484470428 7.55766980634 0 5 5
P 18.7951552957 20.4423301937 0 5 5
P 18.0480903077 14.6345288844 0 15 2
P 9.95190969226 13.3654711156 0 15 2
P 11.2284475732 9.27605390724 0 46 2
P 16.7715524268 18.7239460928 0 46 2
P 15.6529039918 16.5170405158 0 7 2
P 12.3470960082 11.4829594842 0 7 2
P 16.0314251803 24.9377837335 0 50 2
P 11.9685748197 3.06221626647 0 50 2
P 11.6740661135 6.10264900706 0 6 1
P 16.3259338865 21.8973509929 0 6 1
P 9.1338563478 18.8235726484 0 48 1
P 18.8661436522 9.17642735155 0 48 1
