P 14 14 0 68 3
P 17.2301184106 7.63914226108 1 100 5
P 12.4331594782 20.959826643 2 100 5
P 15.852065722 14.6669539608 0 64 1
P 23.85615558 8.79080562103 0 37 5
P 18.2721667955 24.2969946958 0 37 5
P 24.1177788633 20.3786908096 0 60 4
P 25.8615646969 15.536368612 0 60 4
P 11.165693015 7.27756713805 0 85 3
P 7.5305432348 17.3720214756 0 85 3
P 3.59632162247 19.912577846 0 99 3
P 9.75445730489 2.81203915843 0 99 3
P 10.1222662661 19.6371153917 0 33 1
P 14.6064901787 7.18486548089 0 33 1
P 7.3429177421 22.5354716646 0 79 5
P 14.313095196 3.1799726376 0 79 5
P 3.53487791778 9.3135887708 0 66 1
P 2.94974916326 10.938433922 0 66 1
P 18.3830149577 6.16364090241 0 39 3
P 12.3806586941 22.8315954255 0 39 3
P 6.59010664412 8.22805068327 0 9 4
P 4.61144484374 13.7226003996 0 9 4
P 9.74833237586 18.2621114095 0 70 1
P 13.4417757896 8.00578137003 0 70 1
P 16.0273816647 8.53884609551 0 37 3
P 12.0801639298 19.4998825302 0 37 3
