P 14 14 0 57 5
P 18.6643560225 24.9799507164 1 100 5
P 13.0926957947 25.8950550195 2 100 5
P 12.1277087419 2.60045712626 0 59 4
P 12.5576642087 5.21826338744 0 49 1
P 12.9228835019 7.44192008232 0 61 2
P 12.3936973835 4.21994282927 0 90 3
P 21.8954025143 12.1904636221 0 18 1
P 5.9405830003 14.8109256381 0 18 1
P 19.904038998 6.83204624119 0 37 5
P 6.11340474758 9.09705671021 0 37 5
P 22.9327856336 13.6651460993 0 100 2
P 5.42938540406 16.5399511331 0 100 2
P 20.1241876411 16.4479549997 0 93 4
P 8.98053688829 18.2782178549 0 93 4
P 14.3847988047 5.67874016848 0 50 5
P 10.9738033035 6.23897114695 0 50 5
P 10.4523233103 19.224639137 0 66 1
P 19.0324397286 17.815417983 0 66 1
