P 14 14 0 77 5
P 16.6339949307 23.1553395284 1 100 5
P 20.4954342131 20.9690390699 2 100 5
P 15.4362713949 16.536739524 0 38 4
P 19.0748702806 22.9632252415 0 44 3
P 12.0997653877 3.62134459215 0 11 3
P 6.07806450576 7.03075917465 0 11 3
P 15.8857630139 21.8164904234 0 5 1
P 19.7323475815 19.6386005257 0 5 1
P 23.2055652372 14.2317756654 0 78 2
P 9.4624924865 22.0129380916 0 78 2
P 10.673017295 3.49643209021 0 10 5
P 6.70501345987 5.74306811619 0 10 5
P 16.2035009301 7.60127476154 0 14 1
P 7.37945162177 12.5973453034 0 14 1
P 10.4252377878 24.4826764363 0 88 4
P 24.8280123689 16.3279987717 0 88 4
P 14.6187026866 24.5406584936 0 49 2
P 22.7201984396 19.9536890805 0 49 2
P 7.8611013671 15.6794542123 0 12 5
P 18.598573466 9.60002670986 0 12 5
P 6.95580666944 21.4812002854 0 19 4
P 24.0392918929 11.8087365111 0 19 4
P 10.0676795 11.4808603229 0 18 2
P 13.8630348035 9.33197581813 0 18 2
P 7.09391737338 23.5072412926 0 34 3
P 25.7055461131 12.9695610469 0 34 3
P 23.1585633187 10.7860049196 0 89 3
P 6.53195735819 20.1997891528 0 89 3
