P 14 14 0 60 5
P 16.5853973288 24.0818544171 1 100 5
P 19.62734548 22.7556296566 2 100 5
P 18.1428587701 23.5024327338 0 12 3
P 17.0594897907 21.0175204006 0 72 1
P 19.8315645637 8.1450448407 0 14 1
P 5.74138841505 14.2880622621 0 14 1
P 18.5564660196 18.764995895 0 49 2
P 14.3903018666 20.5813549456 0 49 2
P 6.65191866105 10.4404568836 0 64 2
P 16.3927906698 6.19364365587 0 64 2
P 18.3569673021 5.05976644091 0 17 5
P 4.48439284137 11.1079141498 0 17 5
P 14.1303307688 17.8938136003 0 79 4
P 16.764258834 16.745476928 0 79 4
P 7.36129887755 22.6664012208 0 36 4
P 24.8678363174 15.0339228652 0 36 4
P 19.9637426911 12.613066075 0 75 2
P 8.92510602381 17.4256771198 0 75 2
P 23.6586260478 11.8975697792 0 3 3
P 5.8862688774 19.6459398894 0 3 3
