P 14 14 0 50 2
P 6.51639786465 7.936130964 1 100 5
P 21.4836021354 20.063869036 2 100 5
P 8.516791698 20.7669913571 0 21 5
P 19.483208302 7.23300864286 0 21 5
P 6.68020124683 23.0335825616 0 67 4
P 21.3197987532 4.96641743839 0 67 4
P 14.7458825871 6.45243761017 0 27 5
P 13.2541174129 21.5475623898 0 27 5
P 17.5872139313 11.2673421212 0 69 1
P 10.4127860687 16.7326578788 0 69 1
P 12.277975174 23.7375299158 0 85 5
P 15.722024826 4.26247008424 0 85 5
P 11.3015444147 3.07688311671 0 29 3
P 16.6984555853 24.9231168833 0 29 3
P 7.82744119985 14.803642785 0 38 4
P 20.1725588001 13.196357215 0 38 4
P 20.1666884644 8.94157217617 0 78 3
P 7.8333115356 19.0584278238 0 78 3
P 8.67985017605 16.6294317785 0 84 2
P 19.3201498239 11.3705682215 0 84 2
P 4.57728915419 19.9999718239 0 4 1
P 23.4227108458 8.00002817611 0 4 1
P 2.9489883698 16.6957417689 0 43 1
P 25.0510116302 11.3042582311 0 43 1
