P 14 14 0 46 5
P 20.9827550148 18.2259939285 1 100 5
P 7.01724498521 9.77400607148 2 100 5
P 8.36966591093 23.303194529 0 26 4
P 19.6303340891 4.696805471 0 26 4
P 8.94608699029 22.3507541681 0 36 2
P 19.0539130097 5.64924583193 0 36 2
P 14.7358870958 17.3260952872 0 25 4
P 13.2641129042 10.6739047128 0 25 4
P 9.34509340377 18.9713439507 0 11 2
P 18.6549065962 9.02865604934 0 11 2
P 20.5497336986 8.26598977808 0 1 5
P 7.45026630145 19.7340102219 0 1 5
P 15.9777838646 16.6141776874 0 97 1
P 12.0222161354 11.3858223126 0 97 1
