P 14 14 0 62 2
P 4.60448981159 11.4757561837 1 100 5
P 23.3955101884 16.5242438163 2 100 5
P 11.7770438109 22.274084852 0 76 2
P 16.2229561891 5.72591514798 0 76 2
P 24.3692299307 8.74612362385 0 56 4
P 3.63077006929 19.2538763761 0 56 4
P 20.5207371851 5.29882241946 0 73 3
P 7.47926281488 22.7011775805 0 73 3
P 17.3583774107 21.9708254526 0 79 3
P 10.6416225893 6.0291745474 0 79 3
P 13.5689722771 21.6194936487 0 78 5
P 14.4310277229 6.38050635135 0 78 5
P 22.5123766223 11.5841715275 0 93 2
P 5.4876233777 16.4158284725 0 93 2
P 25.599844362 16.0217407962 0 69 4
P 2.40015563796 11.9782592038 0 69 4
