P 14 14 0 44 3
P 21.7834432274 7.33095277597 1 100 5
P 3.97806697407 11.8508053196 2 100 5
P 16.815756094 25.0923080361 0 83 2
P 8.02650071025 8.03119689512 0 80 2
P 16.4033722289 5.90474792248 0 80 2
P 17.0126044122 17.3867243906 0 24 2
P 12.9674816252 18.4135692187 0 24 2
P 17.5846216188 20.6388056286 0 30 1
P 14.0158361241 21.5447333645 0 30 1
P 23.3713799504 16.1488044168 0 65 5
P 6.78815779153 20.3584160414 0 65 5
P 13.8666144647 23.4293499204 0 87 5
P 18.6146640193 22.2240687991 0 87 5
P 11.0374468526 18.7853844088 0 24 3
P 18.886300811 16.7929714418 0 24 3
P 10.1164507805 6.92469877013 0 52 5
P 14.0387075304 5.9290431942 0 52 5
P 14.5417690965 25.8325344332 0 14 3
P 19.1674782169 24.658309141 0 14 3
P 16.1708425237 11.2562684844 0 67 3
P 10.7833411442 12.6238729353 0 67 3
P 4.39742227121 9.23418080725 0 53 4
P 20.1668347662 5.2311528362 0 53 4
P 19.1935194604 11.4671164323 0 82 5
P 8.22720191831 14.2508901381 0 82 5
