P 14 14 0 52 4
P 8.31510301185 16.5823820793 1 100 5
P 19.6848969881 11.4176179207 2 100 5
P 10.0846981203 5.38079216007 0 57 5
P 17.9153018797 22.6192078399 0 57 5
P 10.8209439388 7.00157541679 0 99 1
P 17.1790560612 20.9984245832 0 99 1
P 11.3377186539 4.96529666921 0 56 3
P 16.6622813461 23.0347033308 0 56 3
P 15.9968131981 18.7899307018 0 75 2
P 12.0031868019 9.21006929822 0 75 2
P 17.0526041473 15.1676639141 0 67 3
P 10.9473958527 12.8323360859 0 67 3
P 8.11019642016 23.851636553 0 25 1
P 19.8898035798 4.14836344699 0 25 1
