P 14 14 0 14 2
P 5.42009313425 17.1076517433 1 100 5
P 22.5799068657 10.8923482567 2 100 5
P 10.314992697 3.82607381047 0 81 4
P 17.685007303 24.1739261895 0 81 4
P 20.7150297067 21.3039136108 0 95 3
P 7.28497029329 6.69608638917 0 95 3
P 8.96395922559 16.8352407649 0 61 1
P 19.0360407744 11.1647592351 0 61 1
P 11.0615145292 23.3136645053 0 54 5
P 16.9384854708 4.68633549474 0 54 5
P 10.4787464297 16.0173213264 0 82 3
P 17.5212535703 11.9826786736 0 82 3
P 8.70702061157 13.1833442665 0 1 2
P 19.2929793884 14.8166557335 0 1 2
P 10.5351295784 6.17206583725 0 63 1
P 17.4648704216 21.8279341627 0 63 1
P 12.0754659388 19.640816011 0 84 2
P 15.9245340612 8.35918398903 0 84 2
P 20.0262378665 9.49345121359 0 84 3
P 7.97376213352 18.5065487864 0 84 3
P 25.1478541841 12.9986493197 0 76 1
P 2.85214581589 15.0013506803 0 76 1
P 18.1660682528 7.78940770655 0 92 5
P 9.83393174723 20.2105922934 0 92 5
