P 14 14 0 28 1
P 13.4848253586 2.37730492467 1 100 5
P 23.2475351825 6.94057093144 2 100 5
P 18.6174243075 4.121423213 0 74 1
P 16.9139774431 7.76579928325 0 96 3
P 15.3278988711 11.1590761233 0 74 3
P 16.2656625305 9.15281252261 0 11 2
P 17.8001950288 5.8698140137 0 2 3
P 19.8009150081 10.7188472196 0 17 4
P 12.7967019191 7.44495215668 0 17 4
P 3.32574797416 9.93589320074 0 97 1
P 23.9644012642 19.5827706234 0 97 1
P 4.4811683497 21.0942371694 0 30 5
P 14.6624761454 25.8531633904 0 30 5
P 12.3449652252 23.232126222 0 64 4
P 7.97849571299 21.1911599069 0 64 4
P 15.5764159005 17.6228427122 0 25 4
P 10.2094031127 15.1142044904 0 25 4
P 16.0487768574 5.68956156912 0 23 1
P 19.0618292966 7.09791642353 0 23 1
P 18.593354748 10.488504392 0 3 5
P 13.7479413331 8.22367109022 0 3 5
P 23.3947050675 17.5813464167 0 21 3
P 5.22666825309 9.08927953144 0 21 3
P 5.34224768229 7.82413931392 0 63 3
P 24.2912082957 16.6812240159 0 63 3
