P 14 14 0 72 1
P 20.6830687088 8.66903075626 1 100 5
P 7.31693129121 19.3309692437 2 100 5
P 8.67519766805 23.8317120252 0 79 1
P 19.3248023319 4.16828797483 0 79 1
P 8.56863304014 7.34286982369 0 46 2
P 19.4313669599 20.6571301763 0 46 2
P 8.20516508561 20.9244252553 0 97 4
P 19.7948349144 7.07557474473 0 97 4
P 9.36349080791 11.4563357265 0 18 3
P 18.6365091921 16.5436642735 0 18 3
P 14.2599368811 18.7298437207 0 9 5
P 13.7400631189 9.2701562793 0 9 5
P 8.66438946753 14.6976629815 0 45 3
P 19.3356105325 13.3023370185 0 45 3
