P 14 14 0 72 4
P 19.3309864239 24.5131784132 1 100 5
P 8.66901357606 3.48682158681 2 100 5
P 9.22239439764 16.42261185 0 81 4
P 18.7776056024 11.57738815 0 81 4
P 12.5720842517 23.5220201001 0 44 5
P 15.4279157483 4.47797989992 0 44 5
P 5.99370167085 18.8577164721 0 46 1
P 22.0062983291 9.14228352789 0 46 1
P 11.1700961365 9.4125549543 0 10 4
P 16.8299038635 18.5874450457 0 10 4
P 4.16182680874 17.5971058635 0 32 4
P 23.8381731913 10.4028941365 0 32 4
P 12.990611934 8.45568669901 0 24 1
P 15.009388066 19.544313301 0 24 1
P 24.8411014962 16.0076380217 0 9 2
P 3.1588985038 11.9923619783 0 9 2
P 9.04305470084 18.045243806 0 35 2
P 18.9569452992 9.95475619404 0 35 2
P 22.1201827918 19.1054815991 0 40 5
P 5.87981720816 8.89451840095 0 40 5
P 15.4252914894 17.175660711 0 9 4
P 12.5747085106 10.824339289 0 9 4
P 19.7660165607 15.6401314448 0 24 1
P 8.23398343927 12.3598685552 0 24 1
P 20.9312605484 6.23173679915 0 62 1
P 7.06873945163 21.7682632008 0 62 1
P 21.0387809924 11.5011781057 0 43 5
P 6.96121900758 16.4988218943 0 43 5
