P 14 14 0 23 3
P 5.04339389668 16.9839625076 1 100 5
P 6.11095337417 8.81465830707 2 100 5
P 4.95065795196 12.8174377363 0 65 3
P 6.78252797147 13.0568253454 0 50 5
P 8.9480562514 13.3398152038 0 56 5
P 2.53731112913 12.5020631083 0 66 5
P 3.56136207706 12.6358854349 0 10 5
P 19.3603960143 13.4836667062 0 15 2
P 19.0477076146 15.8764576568 0 15 2
P 9.78548910645 23.1330009489 0 64 2
P 12.2739265481 4.09068726683 0 64 2
P 5.06017076885 20.7347492328 0 19 4
P 7.09100810488 5.19413690178 0 19 4
P 21.7336152723 16.1754446232 0 18 5
P 22.0329397356 13.8849187582 0 18 5
