P 14 14 0 28 0
P 22.6049962984 18.9828896377 1 100 5
P 4.23866605021 12.1048720473 2 100 5
P 14.9356791236 11.5014614946 0 17 5
P 17.2638696618 5.28450788214 0 80 2
P 16.4863494841 7.36071547683 0 32 1
P 12.8108299455 23.1163411198 0 80 5
P 8.90848034555 21.6549479711 0 80 5
P 21.4115106963 14.5770341507 0 47 1
P 8.03260239789 9.56675907813 0 47 1
P 11.250471819 17.1591264679 0 77 4
P 13.9980700556 18.1880761136 0 77 4
P 8.23666637804 5.31559763291 0 16 1
P 24.0500657182 11.2375666575 0 16 1
P 18.8028596401 20.6761148856 0 16 4
P 5.99330847927 15.8790586954 0 16 4
P 20.9437572257 6.88126867764 0 29 2
P 13.4403413474 4.07131014475 0 29 2
P 4.45528912808 9.68853464498 0 85 4
P 24.0288574681 17.0186515235 0 85 4
P 21.1658294906 10.8893966448 0 73 4
P 10.6401137585 6.94761529932 0 73 4
P 16.4153265157 16.8131182244 0 53 2
P 10.3309880068 14.5345907927 0 53 2
P 4.58853160975 21.3545968805 0 73 3
P 16.2654111033 25.7274782058 0 73 3
P 18.5104392211 19.1522337046 0 29 3
P 7.21477486354 14.9221138551 0 29 3
P 11.6383460817 5.48972748434 0 39 3
P 21.370780031 9.13443227816 0 39 3
