P 14 14 0 3 5
P 9.08302968565 24.5436598854 1 100 5
P 18.9169703144 3.4563401146 2 100 5
P 10.7638413137 12.4908374923 0 4 5
P 17.2361586863 15.5091625077 0 4 5
P 11.3969495019 20.2766324295 0 26 4
P 16.6030504981 7.72336757049 0 26 4
P 8.22359733207 17.1551687657 0 43 2
P 19.7764026679 10.8448312343 0 43 2
P 10.7582756939 6.17402943146 0 29 3
P 17.2417243061 21.8259705685 0 29 3
P 3.43449002792 18.7421932343 0 5 4
P 24.5655099721 9.25780676568 0 5 4
P 9.07551015866 15.6801748447 0 83 1
P 18.9244898413 12.3198251553 0 83 1
