P 14 14 0 82 1
P 19.7570081754 6.93462508053 1 100 5
P 8.24299182457 21.0653749195 2 100 5
P 8.28988668503 9.3472859669 0 2 2
P 19.710113315 18.6527140331 0 2 2
P 15.4776566693 3.4715909469 0 3 5
P 12.5223433307 24.5284090531 0 3 5
P 24.457891504 15.6253149128 0 2 1
P 3.54210849603 12.3746850872 0 2 1
P 21.8991121034 14.4142941204 0 22 1
P 6.10088789658 13.5857058796 0 22 1
P 17.1861847461 4.38451895784 0 4 5
P 10.8138152539 23.6154810422 0 4 5
P 9.3460171653 16.7512116213 0 90 4
P 18.6539828347 11.2487883787 0 90 4
P 3.02444863308 16.7201879135 0 72 2
P 24.9755513669 11.2798120865 0 72 2
P 20.7494170214 21.3936874788 0 71 2
P 7.25058297859 6.60631252115 0 71 2
