P 14 14 0 85 3
P 10.6404048782 11.3977747641 1 100 5
P 15.5320979046 17.9637269799 2 100 5
P 20.4368299113 9.20450424332 0 84 4
P 22.21521075 14.2751693079 0 11 5
P 16.087052723 6.04955241847 0 11 5
P 5.84000494365 16.0209306695 0 40 1
P 9.72865310775 21.2405300784 0 40 1
P 22.8098577205 18.5493864242 0 52 5
P 12.1617058746 4.2567364502 0 52 5
P 3.04136773928 16.232283543 0 79 2
P 8.72532996828 23.8616716077 0 79 2
P 10.2286239381 3.4668984427 0 61 2
P 23.0135345803 20.6276466553 0 61 2
P 21.2096108612 16.5215932553 0 22 5
P 13.6468136501 6.3703092646 0 22 5
