P 14 14 0 40 4
P 22.4698486206 7.00633971486 1 100 5
P 9.73384687132 3.87826312722 2 100 5
P 11.5894519549 23.8145755893 0 51 3
P 11.847050753 22.76575896 0 84 4
P 11.1502994524 25.6025903273 0 57 1
P 7.28455214388 17.5759894244 0 32 5
P 18.294684723 20.2801770199 0 32 5
P 14.6432830261 6.54626425032 0 33 1
P 16.883016857 7.09636302518 0 33 1
P 4.90667218564 7.26192490829 0 62 5
P 25.1802148228 12.2412893368 0 62 5
P 17.1572631968 24.4481128794 0 35 4
P 6.36166695382 21.7966173377 0 35 4
P 21.2568007957 8.78377193436 0 13 3
P 9.98543560357 6.01542325928 0 13 3
P 16.0952778352 18.5344978201 0 68 4
P 10.0424261453 17.0478630007 0 68 4
P 22.4679220958 16.3365432308 0 80 5
P 5.41313503022 12.1477341228 0 80 5
