P 14 14 0 29 3
P 19.8146591651 10.8779983843 1 100 5
P 19.1411601945 18.1383121135 2 100 5
P 24.4859340951 14.9727218522 0 19 3
P 21.0802564651 18.956933818 0 13 4
P 21.8712495597 10.4300343341 0 13 4
P 17.5496952232 6.63400237727 0 70 5
P 16.1341787546 21.8932590354 0 70 5
P 2.86341026348 14.9788033374 0 46 2
P 3.23348805381 10.9893676004 0 46 2
P 11.6148170081 20.1922727546 0 88 4
P 12.7945606684 7.47464515981 0 88 4
P 12.3085956584 21.6334216574 0 31 1
P 13.741594485 6.18570531419 0 31 1
P 11.3020497615 12.2267682422 0 58 4
P 11.0219077634 15.2466968302 0 58 4
