P 14 14 0 53 5
P 7.03806331007 8.8411056895 1 100 5
P 20.9619366899 19.1588943105 2 100 5
P 7.58571967141 22.6560822671 0 83 5
P 20.4142803286 5.34391773286 0 83 5
P 10.8923924232 5.02468236361 0 72 4
P 17.1076075768 22.9753176364 0 72 4
P 11.6691210246 15.1302079599 0 88 1
P 16.3308789754 12.8697920401 0 88 1
P 13.7913672659 8.13885724941 0 15 1
P 14.2086327341 19.8611427506 0 15 1
P 17.226071089 15.0532166551 0 72 1
P 10.773928911 12.9467833449 0 72 1
P 7.7913411922 16.7746609719 0 59 1
P 20.2086588078 11.2253390281 0 59 1
P 5.20255153688 14.1871669664 0 3 1
P 22.7974484631 13.8128330336 0 3 1
P 5.22455487508 5.97580919525 0 90 4
P 22.7754451249 22.0241908048 0 90 4
P 7.34568816315 7.07647267476 0 98 4
P 20.6543118368 20.9235273252 0 98 4
P 9.53350644107 8.91310308185 0 14 2
P 18.4664935589 19.0868969182 0 14 2
P 14.3618683172 3.5294580751 0 57 2
P 13.6381316828 24.4705419249 0 57 2
P 10.8757116952 24.2173152926 0 85 2
P 17.1242883048 3.78268470745 0 85 2
P 9.42975296562 15.9887750445 0 20 4
P 18.5702470344 12.0112249555 0 20 4
