P 14 14 0 44 1
P 6.81960039012 22.2195901821 1 100 5
P 3.56163407834 17.1875254045 2 100 5
P 23.0231619525 8.15803274271 0 54 5
P 19.8361127627 10.2214598553 0 89 5
P 22.0414363921 8.79364236713 0 52 4
P 16.9963800662 12.0600199432 0 30 4
P 2.49758624657 10.9107069433 0 26 5
P 12.1111922914 25.7593222247 0 26 5
P 5.41709162343 22.0197482278 0 47 1
P 3.16997623198 18.5489848342 0 47 1
P 19.0405732517 3.63372359778 0 82 1
P 25.521281872 13.6434482116 0 82 1
P 9.24137631313 5.61360455672 0 6 2
P 19.7043452779 21.7740962738 0 6 2
