P 14 14 0 29 5
P 16.1695597187 23.1996188037 1 100 5
P 11.8304402813 4.8003811963 2 100 5
P 6.61179504404 15.74237131 0 5 4
P 21.388204956 12.25762869 0 5 4
P 2.3521887347 16.7469205705 0 58 2
P 25.6478112653 11.2530794295 0 58 2
P 19.2639415635 12.517843951 0 95 2
P 8.7360584365 15.482156049 0 95 2
P 19.6972849961 20.4741235847 0 21 1
P 8.30271500389 7.52587641529 0 21 1
P 11.1662306223 20.829264009 0 15 4
P 16.8337693777 7.17073599104 0 15 4
P 24.3476463257 9.98702959689 0 27 4
P 3.65235367433 18.0129704031 0 27 4
P 11.7671198805 12.8240993071 0 66 1
P 16.2328801195 15.1759006929 0 66 1
P 18.1819444705 24.0894571617 0 76 1
P 9.81805552954 3.91054283834 0 76 1
P 19.8161796966 17.5274979048 0 41 4
P 8.18382030338 10.4725020952 0 41 4
P 13.7292304432 19.4206828588 0 48 1
P 14.2707695568 8.5793171412 0 48 1
P 23.0799095783 17.9665229231 0 48 5
P 4.9200904217 10.0334770769 0 48 5
