P 14 14 0 7 4
P 20.1724148182 11.7893460915 1 100 5
P 15.4781491574 7.6124519212 2 100 5
P 9.41418058771 19.1538424762 0 1 2
P 7.10598410713 21.7479439869 0 61 4
P 10.4445128964 17.9958879342 0 95 3
P 17.4055139736 11.396270897 0 7 1
P 16.1902002062 10.3149011244 0 7 1
P 17.8339683493 19.3625433252 0 85 3
P 8.2281293126 10.8153975152 0 85 3
P 10.6504727243 3.04354972341 0 74 1
P 25.2715393242 16.0531772686 0 74 1
P 19.7386636831 10.4865090791 0 14 4
P 16.8225753146 7.89181304214 0 14 4
P 12.6473830235 21.7851976428 0 87 5
P 6.42481842942 16.2484437273 0 87 5
P 21.2705144131 15.6397920529 0 48 4
P 11.5261578935 6.96939525788 0 48 4
P 17.3707615971 20.3584248293 0 98 4
P 7.29284527501 11.391231028 0 98 4
P 17.7875315576 3.40961647822 0 70 5
P 24.0783009146 9.00705807037 0 70 5
P 15.3553612307 16.5641264939 0 12 4
P 11.2957019681 12.9518965238 0 12 4
