P 14 14 0 46 3
P 8.54717386417 18.3391533123 1 100 5
P 15.9378854321 20.6937406872 2 100 5
P 14.5096622145 23.5404624929 0 12 5
P 8.06546827962 21.4874236832 0 12 5
P 6.3351785911 21.827872909 0 77 2
P 15.7241386385 24.8190770154 0 77 2
P 14.2286016529 20.0932617106 0 59 4
P 10.2888068318 18.8380928327 0 59 4
P 9.28496729806 5.89801431842 0 92 1
P 22.5327872671 10.1186024658 0 92 1
P 17.7260400417 12.0586722028 0 92 2
P 12.0836189666 10.2610681013 0 92 2
P 5.37990907776 15.1209288573 0 83 3
P 20.3830734814 19.9007475749 0 83 3
P 6.28873779187 19.7585363535 0 93 2
P 16.9590535012 23.1579641927 0 93 2
P 7.5086985958 11.8169434996 0 81 1
P 20.5578302357 15.9742320543 0 81 1
