P 14 14 0 34 1
P 16.1302834737 9.21868435234 1 100 5
P 11.8697165263 18.7813156477 2 100 5
P 8.12798509302 11.3837627056 0 55 3
P 19.872014907 16.6162372944 0 55 3
P 4.31039389119 18.0252085987 0 12 5
P 23.6896061088 9.97479140129 0 12 5
P 11.640088167 2.90736330597 0 8 4
P 16.359911833 25.092636694 0 8 4
P 3.86266252711 8.45745250688 0 54 2
P 24.1373374729 19.5425474931 0 54 2
P 5.73689373647 10.9323917155 0 42 4
P 22.2631062635 17.0676082845 0 42 4
P 20.3964081444 18.3534351607 0 93 5
P 7.60359185561 9.64656483934 0 93 5
P 20.3654336246 9.73150953191 0 39 1
P 7.63456637536 18.2684904681 0 39 1
P 22.576351504 6.34161203524 0 9 1
P 5.42364849599 21.6583879648 0 9 1
