P 14 14 0 25 1
P 6.65625729228 18.4956021459 1 100 5
P 21.3437427077 9.50439785406 2 100 5
P 9.6905283122 6.96030870749 0 76 2
P 18.3094716878 21.0396912925 0 76 2
P 21.4414905108 5.82880057699 0 6 3
P 6.55850948916 22.171199423 0 6 3
P 12.5559461717 4.46047151061 0 34 1
P 15.4440538283 23.5395284894 0 34 1
P 10.4593247459 19.9785370624 0 22 4
P 17.5406752541 8.02146293765 0 22 4
P 20.6326315046 7.5179885632 0 77 4
P 7.36736849539 20.4820114368 0 77 4
P 18.6972645278 18.9923885087 0 64 5
P 9.3027354722 9.00761149133 0 64 5
P 5.4243984847 11.7163912972 0 4 4
P 22.5756015153 16.2836087028 0 4 4
P 18.5802218365 15.842476745 0 97 5
P 9.41977816346 12.157523255 0 97 5
P 5.15065669203 20.6510850581 0 24 5
P 22.849343308 7.3489149419 0 24 5
P 7.85140586229 15.963414184 0 21 1
P 20.1485941377 12.036585816 0 21 1
P 16.9354759369 3.57733640861 0 83 1
P 11.0645240631 24.4226635914 0 83 1
P 23.7860734255 9.85881435696 0 6 2
P 4.21392657452 18.141185643 0 6 2
P 3.79108658466 9.11084055086 0 99 5
P 24.2089134153 18.8891594491 0 99 5
