P 14 14 0 16 0
P 9.53279584373 6.67771598672 1 100 5
P 18.4672041563 21.3222840133 2 100 5
P 23.9927712022 7.999941446 0 50 4
P 4.00722879776 20.000058554 0 50 4
P 24.7378360724 11.3841241197 0 29 1
P 3.26216392759 16.6158758803 0 29 1
P 20.9038870166 7.72081126949 0 54 2
P 7.09611298335 20.2791887305 0 54 2
P 8.85925030546 14.9379246274 0 43 4
P 19.1407496945 13.0620753726 0 43 4
P 19.2569619699 8.46263898158 0 57 4
P 8.74303803006 19.5373610184 0 57 4
P 11.5264075557 20.346524076 0 32 4
P 16.4735924443 7.653475924 0 32 4
P 5.10364231357 6.73849567237 0 77 3
P 22.8963576864 21.2615043276 0 77 3
P 16.6822769577 3.48053239595 0 93 5
P 11.3177230423 24.519467604 0 93 5
P 18.7680558769 6.63141516536 0 51 4
P 9.23194412309 21.3685848346 0 51 4
