P 14 14 0 48 3
P 13.2488288404 21.4303013674 1 100 5
P 8.26194275052 18.7799932555 2 100 5
P 18.8800440128 4.81758702068 0 18 4
P 16.4668357395 9.35834011894 0 42 1
P 15.7305384548 10.7437755219 0 54 3
P 17.776144017 6.89471288725 0 8 3
P 17.5410984583 21.5260739474 0 3 1
P 5.78094941127 15.2760778869 0 3 1
P 15.6580229757 16.9702277495 0 40 3
P 10.6105285668 14.2877090123 0 40 3
P 14.5749548322 3.00512190384 0 47 3
P 22.7910325751 7.37160172651 0 47 3
P 19.6752242333 24.0050308373 0 63 1
P 2.53226160507 14.8943088164 0 63 1
P 14.8801349202 23.3340213488 0 86 1
P 5.77135878997 18.4931120455 0 86 1
P 19.2570395417 8.38517253435 0 57 2
P 15.712234755 6.50126648321 0 57 2
