P 14 14 0 25 4
P 22.174611418 14.0070694279 1 100 5
P 5.82538858197 13.9929305721 2 100 5
P 19.4938196615 17.2140568116 0 12 1
P 8.50618033846 10.7859431884 0 12 1
P 3.37653426659 10.9548144322 0 24 2
P 24.6234657334 17.0451855678 0 24 2
P 15.765477356 3.35968224948 0 44 2
P 12.234522644 24.6403177505 0 44 2
P 22.2081918017 19.0515310829 0 66 2
P 5.79180819831 8.94846891712 0 66 2
P 21.2600048403 21.5425873084 0 4 3
P 6.73999515969 6.45741269164 0 4 3
P 25.8163794764 12.6726619073 0 5 3
P 2.1836205236 15.3273380927 0 5 3
P 21.6673520501 6.79336678765 0 1 1
P 6.33264794985 21.2066332124 0 1 1
P 5.31601437946 7.73847321216 0 91 5
P 22.6839856205 20.2615267878 0 91 5
P 7.77622374311 15.664948915 0 82 5
P 20.2237762569 12.335051085 0 82 5
P 16.2994991776 8.19273534202 0 56 1
P 11.7005008224 19.807264658 0 56 1
P 9.50138262346 12.79476438 0 81 1
P 18.4986173765 15.20523562 0 81 1
P 25.2126285868 15.1262252653 0 37 4
P 2.78737141324 12.8737747347 0 37 4
