P 14 14 0 27 4
P 19.8668710314 21.0486600389 1 100 5
P 21.1793678635 8.29382254708 2 100 5
P 23.4026375956 14.9675491409 0 39 1
P 15.0783667637 14.1109659737 0 21 3
P 16.9444952417 14.3029941134 0 82 2
P 21.2543255767 14.7464837827 0 40 1
P 20.2398957216 14.6420970375 0 15 1
P 22.7917227684 21.8777693782 0 64 4
P 24.2117732368 8.0777261992 0 64 4
P 25.0980926909 10.9486564862 0 52 4
P 24.2441262391 19.2474980907 0 52 4
P 25.2408274735 13.9193309162 0 72 1
P 24.9888400105 16.3681437906 0 72 1
P 21.2132389062 18.8487983405 0 97 5
P 22.0495255616 10.7217689071 0 97 5
P 9.59093972618 6.31839385004 0 93 5
P 8.11899562445 20.6227390917 0 93 5
P 14.8117538819 17.9597153392 0 38 5
P 15.6011287072 10.2885748297 0 38 5
P 11.0759851339 24.395888735 0 96 3
P 13.2543555284 3.22649639861 0 96 3
P 19.4219500397 7.01124677926 0 91 3
P 17.8850879208 21.9464649789 0 91 3
P 7.91244326427 10.4847874916 0 42 1
P 7.32414842536 16.2018337229 0 42 1
P 13.5404520393 2.08106489484 0 12 4
P 11.1228221551 25.5755797271 0 12 4
