P 14 14 0 51 1
P 13.8216063455 18.4859921367 1 100 5
P 9.74268687913 15.4252139268 2 100 5
P 19.3733285913 6.83928037669 0 99 3
P 18.1689937498 8.44422673091 0 94 3
P 17.1232545205 9.83782202164 0 27 2
P 7.94732738778 23.9208365642 0 23 1
P 6.16646551777 22.5844965724 0 23 1
P 7.05490092492 21.627915972 0 51 1
P 8.61744137351 22.8004298686 0 51 1
P 8.51792954573 5.21959517949 0 82 1
P 23.9627693931 16.8092403417 0 82 1
P 21.1156472676 9.01880887158 0 13 5
P 16.7936618345 5.77563652014 0 13 5
P 9.5069425795 12.2479089667 0 41 1
P 16.9381577455 17.8242145645 0 41 1
