P 14 14 0 11 2
P 6.21534894481 13.0069626944 1 100 5
P 21.7846510552 14.9930373056 2 100 5
P 12.0709893714 16.2922256865 0 28 5
P 15.9290106286 11.7077743135 0 28 5
P 19.6293110169 11.0927427117 0 75 4
P 8.37068898312 16.9072572883 0 75 4
P 14.9893672539 5.96918904508 0 14 5
P 13.0106327461 22.0308109549 0 14 5
P 20.4980023354 15.8019823692 0 67 1
P 7.50199766455 12.1980176308 0 67 1
P 5.83500254995 11.2584445461 0 32 2
P 22.1649974501 16.7415554539 0 32 2
P 2.62941820822 10.3507902236 0 77 4
P 25.3705817918 17.6492097764 0 77 4
