P 14 14 0 51 2
P 20.6100328155 22.1351830705 1 100 5
P 7.38996718445 5.86481692954 2 100 5
P 8.380513507 18.5659685595 0 67 5
P 19.619486493 9.43403144053 0 67 5
P 5.42767788786 20.9652188495 0 56 3
P 22.5723221121 7.03478115047 0 56 3
P 18.7010648842 12.7507666962 0 111 1
P 9.29893511576 15.2492333038 0 111 1
P 8.36744718009 9.72264396489 0 73 4
P 19.6325528199 18.2773560351 0 73 4
P 6.99854602526 19.1938076507 0 29 3
P 21.0014539747 8.80619234926 0 29 3
P 18.2577181088 3.21301745193 0 76 1
P 9.74228189115 24.7869825481 0 76 1
P 9.33391640783 6.47112233364 0 16 2
P 18.6660835922 21.5288776664 0 16 2
P 20.8310192315 19.9773498677 0 67 3
P 7.16898076849 8.02265013231 0 67 3
P 21.2490760271 11.8200489218 0 80 5
P 6.75092397294 16.1799510782 0 80 5
P 3.94301186373 15.5410669001 0 1 1
P 24.0569881363 12.4589330999 0 1 1
P 17.3097458137 7.77281658169 0 76 4
P 10.6902541863 20.2271834183 0 76 4
P 20.13741268 11.8905185592 0 45 4
P 7.86258732 16.1094814408 0 45 4
