P 14 14 0 26 5
P 20.3809609382 23.0288836545 1 100 5
P 7.61903906184 4.97111634547 2 100 5
P 7.87117701938 18.3314081267 0 57 5
P 20.1288229806 9.6685918733 0 57 5
P 11.4800630259 19.4736662897 0 23 2
P 16.5199369741 8.52633371031 0 23 2
P 17.5870948059 12.0562633032 0 31 2
P 10.4129051941 15.9437366968 0 31 2
P 21.5574781489 10.7988367494 0 34 5
P 6.44252185113 17.2011632506 0 34 5
P 9.29968079483 11.1810102649 0 37 1
P 18.7003192052 16.8189897351 0 37 1
P 10.0906287021 24.7238707344 0 89 4
P 17.9093712979 3.27612926562 0 89 4
P 3.35062222356 11.9904660945 0 5 2
P 24.6493777764 16.0095339055 0 5 2
