P 14 14 0 9 2
P 22.2945155878 15.5715163743 1 100 5
P 5.70548441221 12.4284836257 2 100 5
P 12.250506045 23.2338871664 0 26 4
P 15.749493955 4.76611283359 0 26 4
P 18.7892394483 5.86845049614 0 40 1
P 9.21076055169 22.1315495039 0 40 1
P 16.912145008 20.1438026176 0 98 1
P 11.087854992 7.85619738243 0 98 1
P 8.02807030574 22.4329562258 0 63 2
P 19.9719296943 5.56704377416 0 63 2
P 24.2679343338 19.5979340071 0 82 4
P 3.73206566616 8.40206599286 0 82 4
P 11.7791768216 14.3070730436 0 75 3
P 16.2208231784 13.6929269564 0 75 3
P 20.0147613976 15.1433869798 0 65 5
P 7.9852386024 12.8566130202 0 65 5
P 6.17920392523 14.4257356882 0 72 5
P 21.8207960748 13.5742643118 0 72 5
