P 14 14 0 34 3
P 11.37531366 4.59173710669 1 100 5
P 8.54017865519 5.90094203406 2 100 5
P 12.8742541841 11.5621529507 0 76 3
P 9.98253384888 5.30001829533 0 89 2
P 14.6060294917 6.67102329303 0 19 1
P 8.02794732369 9.70864145666 0 19 1
P 13.2935273338 20.5139740608 0 46 5
P 19.4167814712 17.6863857892 0 46 5
P 20.9094535104 15.67704963 0 64 1
P 10.7959887976 20.3472321124 0 64 1
P 15.4087516256 25.5417607882 0 59 5
P 21.8724174703 22.5569776444 0 59 5
P 8.36989059123 3.4455216867 0 88 4
P 9.6165961388 2.86981963262 0 88 4
P 8.21752954153 19.6005501775 0 38 1
P 22.0131317771 13.2300350549 0 38 1
P 23.8565813478 15.6001201299 0 82 1
P 8.8262768879 22.5407944277 0 82 1
P 12.5095879516 8.17574947434 0 84 2
P 10.5328922213 9.08854543845 0 84 2
